17090
12 4.511822649328082
27 10.653622375945714
49 0.5387414085615799
59 1.2738484806012595
76 8.944112682771998
87 5.64812102365462
88 1.7397838258201708
93 3.311801307884942
96 5.109267045586342
98 7.685848510861401
99 5.2512767369956155
107 11.505199956084747
108 3.2403928135571323
111 0.9303462066154877
122 1.4533388194857813
125 10.396874303769495
127 5.5675017865829055
134 0.17086137397917905
145 0.6088906159175679
148 6.512611408450881
149 6.490309291115947
153 6.470412013870734
197 3.58971614291675
216 4.1779745900552285
218 4.343777874247255
221 10.530894867391362
224 4.450092847346123
240 4.084118432328917
249 1.2311786477419022
255 1.261570097987573
270 11.524057226034559
279 2.332341520739593
287 5.088457114751642
288 2.3468865768070635
309 8.836304173738982
314 4.797345074873999
318 5.822482657583043
321 2.3515166307613247
328 5.2833503895267455
334 6.624928254137118
345 2.526204959749236
347 2.549727524410851
348 3.452382791080734
353 3.798725291063027
357 1.9931012724851955
371 4.858224091077526
372 0.960672998817072
376 3.9837877077076835
385 2.357078290440328
406 2.232580581174476
414 0.5113684577927176
424 6.7395238545576035
436 11.748730959765295
440 9.081932283544601
448 8.563940043700756
453 10.767922308365174
468 5.532141341394899
480 6.212763594597681
511 2.0111668552917714
525 5.394035419231659
535 4.86043283372827
537 4.088418745070921
538 5.023888351924883
552 8.921634049709338
564 11.418162276371943
569 0.64433789778118
578 2.426250389828446
584 1.333844631091041
596 0.7335329734092375
606 2.284970141078069
609 2.7681809467822216
611 5.403322403970986
618 5.55189309706503
621 4.90501567904518
623 6.673574206459256
630 6.6796647250543195
637 2.4708220357267168
639 2.3232451076388294
643 5.244639638895961
644 5.744088891492925
653 6.437226219840478
654 5.960143295007872
675 9.37472579570762
679 6.379207648849837
692 0.00837494167527272
694 6.4332950580319785
709 6.371607473001523
710 4.146999024558172
714 0.7933273672172179
715 0.7122739517961542
720 5.9147985206411535
736 5.103204465761289
749 5.4445915814844374
752 4.32938682683805
755 6.465786573766675
777 10.258383637370383
779 2.3239641637207553
785 3.564075494260814
793 0.6078912818530628
803 2.3253902307398797
807 2.7999928135794425
822 6.877580488734002
823 0.8682291413153431
825 4.444934720481008
842 4.023416748881188
847 3.0232489171005597
860 1.7997653975218169
861 0.4344088208262655
881 3.7483845374085183
886 6.394467447619053
909 4.557567193303301
912 3.5842104517785183
929 3.0138574686925828
950 7.437632971246727
953 2.3370391147253637
958 0.0420637866535565
962 11.043852176884615
965 3.4362610268478644
966 3.7327669084525916
974 0.6668382718583931
978 9.23286564602487
991 5.228068853637642
999 3.7839825504670817
1007 0.5877046310066797
1013 5.632039434968023
1031 5.181641671666469
1033 6.761071480241494
1037 5.227157603329801
1048 4.63472227404112
1058 9.864487858183722
1060 4.845235040715363
1066 0.9227617674465318
1074 6.006794523199702
1082 3.397283544015114
1085 10.49132373311214
1105 0.905334030293746
1109 3.4900662947624532
1113 4.860627567353788
1123 5.3048414364800065
1125 5.961945480124843
1138 6.769705122522625
1139 5.49221539065298
1150 4.428870406652501
1173 4.2076169686497735
1178 8.290836098219687
1185 6.161762499267893
1188 4.110817092762014
1192 1.1673111080372998
1207 2.9359853338721287
1214 6.084370612004978
1220 2.584707948285268
1223 4.1060410169751105
1231 10.68041551037658
1234 4.852149381733492
1238 5.1248884107018435
1242 5.086588412348379
1254 1.3746496792452663
1274 6.082469665665435
1277 10.727841565085976
1281 5.062193489105326
1283 4.8341098391203925
1289 3.184203024848708
1290 3.7786804354992864
1293 2.411786880768975
1296 2.4262074067027792
1297 5.61876623930901
1301 4.657791038868569
1305 8.002408840595033
1317 1.816275321956193
1319 8.952922773491856
1332 6.197587490034253
1333 5.890346397248347
1336 5.553151968129023
1354 5.958329478693278
1365 1.8983630579632496
1368 2.6408241502750913
1372 2.281696001080773
1379 5.241341780140738
1383 4.696025221975006
1385 11.743215290762565
1390 3.6190479415676857
1392 9.21700523251781
1401 1.8408724212038077
1406 2.772627483544053
1410 3.97716804212498
1417 8.730010319376346
1420 10.435328114255904
1433 2.644986379900407
1436 2.3635809450852805
1438 7.996676050127689
1441 2.4459100092704187
1449 5.062688647493935
1454 7.514440028527589
1459 0.9818263228005034
1462 1.5713447757625127
1463 1.8317299311088904
1467 0.6489987696482236
1481 6.402647635740127
1482 6.398521364482836
1498 11.484899346071803
1500 5.2594167366826285
1508 0.5777408511466282
1513 4.814805003126011
1521 6.396543569123662
1526 2.251597030300351
1527 2.2268611515016987
1536 7.483060119580145
1539 2.458817970611577
1540 8.244310592246055
1547 9.21226851535494
1551 4.799251116799688
1572 0.39216888184291043
1576 4.657499059716193
1583 7.118210484170435
1586 0.49355261839975983
1590 0.08098357930033546
1593 7.17158579939071
1603 5.356473409450494
1609 1.9563910872308465
1629 6.856564141512832
1637 2.3895013510682706
1639 1.5515036767467767
1645 1.6406309202680693
1650 0.880386097122035
1651 7.0476413294338665
1652 6.479398293064743
1662 4.72346576133796
1664 7.086568127870387
1680 2.526125337258369
1682 1.9532791487240768
1746 0.7054537234747619
1761 1.2446193574506128
1768 5.698736350867833
1772 2.40572915884608
1774 3.096392622543866
1787 6.023228019179802
1796 4.092316515862517
1809 6.927562777329532
1820 1.004257797189523
1824 2.827510527393107
1837 1.0624667109228911
1847 0.8039125109196572
1864 5.711590590286328
1867 6.755028716054652
1869 0.19340145356725413
1873 1.0356763369619644
1876 2.8043083341645327
1884 4.337882153406087
1892 2.949716260938208
1910 1.384656988118625
1912 0.6602265123998315
1914 5.237000125616794
1920 2.6231019849704325
1929 2.463656831881593
1936 7.13490374537135
1962 2.7259055283775506
1971 4.0022073372140765
1972 5.883607773462378
1982 0.163205861208551
2007 5.265123816884356
2032 4.933741367541795
2036 7.161972914142385
2056 10.672506488726148
2072 5.90603116949785
2077 4.335382626073856
2082 4.435167764666989
2083 2.499488206228794
2086 5.082680315158951
2087 1.7838959592720949
2089 2.4483656689526927
2090 5.514913784010051
2096 5.61689632952253
2104 5.647454735076857
2119 6.422101099721598
2131 3.5884442509401837
2132 3.639129147858729
2133 7.870072822700036
2135 6.65208774541593
2137 5.225076559100487
2142 1.580284794124728
2151 1.0068482822706721
2152 0.5143171099732545
2154 6.721924127318067
2164 2.4305663701812135
2169 5.196097040055538
2189 0.9919800897809903
2195 0.5188224699957881
2200 9.889619397623951
2201 2.364915439088835
2210 4.085114292368986
2214 2.7637642133110973
2217 3.039890023647076
2221 11.191932389201469
2222 3.3488926791014997
2226 3.4247107954950247
2228 3.756783921765634
2243 2.4766059683353467
2270 8.011189642183888
2283 7.6189695911017
2296 11.308228868235766
2297 1.3001044743899788
2300 5.233471109466044
2304 2.4386894472892666
2308 8.30088254177109
2315 7.555445346052298
2320 5.044013689461948
2336 4.131954753693272
2338 5.242279967773506
2356 0.6619498770186613
2361 5.153884481713438
2367 6.48806817559865
2374 6.220956281914802
2377 3.38355887830216
2395 2.353357934866626
2400 0.24289415966922426
2401 5.9049249055708515
2402 5.590431139906533
2406 2.5552342344860275
2426 2.0176531041706443
2431 2.4645327115218585
2434 5.285374329721219
2441 5.688994295548335
2444 3.7432633236795603
2448 5.331766914993835
2450 0.9034290924007223
2452 0.18621246907810718
2453 5.133895635380467
2458 1.2222904847992637
2476 3.0468691038487097
2482 6.7357893952892365
2495 4.686131789736857
2496 0.6581807192669311
2498 2.5178056062593748
2512 10.1202711290468
2517 5.70411920995347
2535 3.6465004745622984
2537 8.913686960891052
2538 6.408416323457378
2541 10.127165361771509
2546 5.640355226684447
2551 5.177934419052916
2553 3.8170972225834534
2555 3.635852855412212
2557 3.4477745605651635
2571 10.550322784471746
2574 5.120093662866595
2583 1.8044172421828641
2587 5.051387431357337
2592 2.9291712902296965
2594 0.9186884882129189
2599 9.869191151465362
2603 8.795072628852207
2606 0.08346806147999304
2612 4.662234883124988
2629 9.800878223039684
2638 4.406656672450518
2640 1.2546830873334056
2643 5.094281300227929
2653 11.768271287285076
2654 3.918053273965484
2661 5.077410216916688
2665 2.4051634794817276
2666 3.909832278835875
2673 2.4496688087902263
2683 8.024406358762352
2689 4.455590985893526
2696 2.788479109872285
2702 8.718835863617004
2703 9.852623194402163
2707 2.2029191798816377
2712 4.062515628726035
2717 3.9462463184496386
2718 2.3252964080083105
2724 7.096107388607161
2733 5.118114808142957
2748 7.442244933872697
2751 2.759375908844893
2755 3.84417543597762
2757 3.9063074454973115
2789 2.828871237265199
2794 3.3053653721444554
2802 11.42568863012114
2814 2.8342266532671614
2825 0.4008025008334167
2842 4.141204690928469
2851 5.808994986341584
2852 0.516436212400705
2854 10.839912582530399
2857 2.2214111767503018
2858 3.5984553467306375
2864 3.3207625885249694
2870 4.135994548526847
2887 5.250822448046206
2923 2.534661157083445
2924 10.455998943860468
2930 4.591765910656901
2932 5.909426715886062
2933 0.019154400844298463
2935 5.919928100413108
2940 4.124183753013423
2959 10.668661264202955
2962 6.907721168147967
2963 3.8926626515833833
2966 3.330774067055342
2969 2.4878120503570975
2972 7.239773746727657
2973 6.362153740908484
2977 6.2106774414625425
2991 11.420750209959582
2996 10.526871785452203
3005 0.5769600791407843
3007 4.017159258037955
3012 1.2866139981727431
3017 0.38607463278489734
3020 5.158852074419802
3030 4.45960489996151
3037 2.5604974834503067
3040 2.6679678361685952
3042 8.776600023983237
3045 7.563932167239005
3051 4.063278621120741
3052 6.704253767062746
3061 9.175054718614332
3072 4.340460857392873
3081 2.6362735429247937
3100 4.0701126079249095
3116 5.118731689658536
3119 2.3340229327010533
3125 2.688771867485766
3139 0.7080401124956055
3142 8.976330473598107
3154 1.715775552778825
3157 5.174215023953854
3169 5.630198491537361
3170 3.9313862257318815
3171 3.0766087267918056
3175 2.3110156866797587
3177 0.1924036589952425
3180 6.035648123042402
3193 3.6280972208198445
3195 5.114028553120933
3201 2.4948739353548675
3203 5.097792723171762
3209 1.761651632097398
3210 1.8757729532275087
3226 4.373408843306653
3229 5.6401797173686825
3234 7.6973329960538655
3252 8.074183786003655
3262 6.904690171600805
3269 8.046847423887515
3275 8.085012038773167
3279 4.671534732989196
3294 3.577616790549845
3297 5.0477676337677835
3298 6.726544373445223
3300 5.115906663308044
3305 4.601192929944474
3313 3.3750786865697515
3321 9.844547583713071
3324 10.113239874008364
3354 3.606726916780692
3358 2.3814850707486177
3367 2.6160698747752242
3390 5.041037272524731
3393 2.367164427413351
3397 9.192377974782408
3404 3.657307461132324
3408 0.81286960087277
3419 6.6316330467948745
3420 5.228226327517498
3422 3.930369261227604
3435 8.891556975198506
3436 3.9770825414057787
3450 2.429795882122696
3459 2.5128014411061486
3465 0.25795101756061894
3470 2.5062042725303972
3478 6.921313366154389
3483 0.45699135966138954
3489 6.8068401397818326
3538 0.7010261296259479
3547 2.469229275084314
3549 4.868132006027202
3559 5.134735346751181
3560 5.958077538550284
3564 0.5783150414285373
3574 7.459783316321585
3577 2.2664307556345613
3582 6.911409199365047
3587 2.757080675361808
3589 3.4749456202693865
3592 2.2971325138139935
3593 2.3954227330599465
3594 3.230217874962954
3596 3.9962788909578397
3598 1.3722469546312752
3632 0.40508630003958096
3634 2.748019109053566
3651 1.8716880596882128
3652 4.449599921725931
3671 5.313554948077941
3673 9.181274555985247
3679 5.184015349504934
3694 5.554071093629912
3697 2.424362675596559
3702 4.8486106066434065
3703 0.9333494253133338
3708 5.127701339242589
3710 5.95600264658859
3712 2.0553945861947738
3716 2.3400477540885016
3723 5.276215847090289
3725 7.3806725996277
3727 6.461935386829552
3731 10.700709415899746
3740 9.470242354233044
3742 5.5382388772821685
3745 3.6493961413880243
3762 2.388635161291355
3763 0.4465981939908122
3785 11.52777646323307
3789 4.843980499452778
3795 4.185551092451694
3796 1.6590220372466655
3809 9.133909311113538
3814 5.12518062837514
3826 2.5988560304241775
3832 1.3122642390811632
3848 4.911032516843067
3852 9.608831147739602
3855 3.97291737529312
3858 5.611946078896445
3861 4.6784595933616595
3867 4.158952083458712
3874 5.124186226200802
3875 0.4137489863771488
3894 1.3679522855113555
3896 5.547429724967181
3899 5.721995047452635
3908 3.068795745552021
3909 5.417902711257529
3921 5.361592223554844
3928 2.3960877728611436
3933 7.662589729863081
3943 6.067927515650902
3948 2.415636290923943
3976 11.732507792423105
3980 1.950228315529416
3982 2.403400407439375
3983 7.342415395988833
3985 6.600319048151373
3988 3.9912246040172303
3989 11.646375760798403
3994 5.235491347888756
3999 3.834745246410197
4001 1.3034528361629247
4003 5.875501331159189
4011 2.3724490857440803
4036 2.4396492630663418
4037 4.403152856960329
4040 5.208123222368046
4042 8.00472575172768
4048 5.922210336729159
4088 5.215359604421565
4099 6.261043187099748
4105 5.1204417933540505
4110 6.587573834284516
4125 5.274340016340998
4133 6.4155482452380745
4134 0.5338727901448357
4138 9.781345628572854
4144 10.859012218345175
4147 2.73903806026215
4150 3.934847781326923
4162 4.140605765249196
4165 11.50945380419436
4167 2.327691052063003
4170 5.573263210958546
4176 5.432186530252117
4177 3.2984301087581405
4202 8.124696661369931
4206 3.4980315179813464
4207 4.554895738644502
4208 1.3359504491858867
4213 8.803939017543238
4214 7.571073321148321
4219 4.391248606696784
4239 4.6743020838362135
4252 5.312593729557013
4261 3.8107467905286128
4262 10.992568159407702
4287 8.945614608256122
4290 9.04806722631171
4310 3.717982626961448
4313 4.678135478297055
4314 10.046316198955246
4326 7.945046685971206
4329 0.10302152518828706
4345 6.508376762555917
4348 6.813460059370144
4357 11.401559434844717
4364 2.6897604660000622
4365 2.3867277969204954
4366 5.232374484342424
4368 2.7464881826136995
4382 3.5226778672901675
4383 5.646377995109168
4394 5.989820891837332
4396 3.9918514354637287
4397 10.133291195878702
4403 2.2891941905674673
4410 2.7221284091476137
4415 7.450823135428319
4416 1.834810555770989
4424 5.678889726895338
4425 3.9618532270585147
4436 2.734646686582289
4441 2.1519824862163253
4454 5.661350782693576
4456 1.361230522705604
4463 5.10111662570791
4466 2.2715599171755096
4476 1.52187008163345
4483 10.30329130413208
4490 2.8526296352562848
4499 8.726191368511104
4501 0.6044435189784219
4513 3.902548994206523
4526 5.883633602801065
4537 5.1063942200061785
4539 4.8743498619051175
4545 6.217095509262818
4547 2.3377702187213956
4553 10.24534328730333
4573 0.716836062976536
4574 0.96645184525447
4576 4.163039584635677
4580 5.169094193135863
4581 0.7347939264952889
4582 4.907376811271206
4587 5.896244134834659
4598 1.5262485631841973
4606 9.050765227886668
4611 4.103646885565114
4621 3.869928365167328
4628 4.396588772244651
4630 2.3574930856338625
4645 1.8346607172497325
4648 2.7391527162019806
4652 4.81936997426928
4657 4.0961146985389085
4681 3.752988746652991
4687 1.7837851256073425
4698 6.855768726381653
4705 4.671219722808809
4707 6.868740897201859
4717 4.066751085573106
4728 5.254479685914378
4730 4.183768567642527
4734 4.811783141379334
4737 0.2653593429576605
4740 3.84950168703008
4746 7.723374365736101
4751 2.368025150609041
4755 1.2708083937198165
4757 3.013687438370525
4767 6.738457365245913
4768 6.231311912201685
4787 5.682438499877905
4790 10.3407351937952
4796 7.07786644176077
4818 3.9818029652083613
4821 5.353954439903458
4827 10.310952455652776
4829 2.318993154754751
4838 5.951132263822919
4843 10.543628750843277
4860 2.706975903477843
4867 5.271781101994924
4870 1.9851632367564969
4876 6.670347335854766
4880 7.840182222206799
4881 2.2948905595060927
4900 2.784942876694306
4906 5.095136902983812
4910 4.887699659474523
4914 8.734345602252429
4918 8.987558184356155
4923 3.5442827163895316
4924 7.45384414725663
4928 0.7278701504151747
4939 4.097144652900447
4957 4.690923035607244
4966 2.359213798851904
4980 7.153793534557621
4987 0.9014487501089496
4992 3.740086159436331
5010 1.0681431336711593
5018 6.724967425759586
5021 7.591511785613591
5029 1.7488499725384212
5044 8.637197709880095
5049 3.0599163384863948
5055 2.9873625068618286
5060 9.037770101846352
5061 4.880214084363349
5075 5.938325190429147
5077 4.8985570545424215
5089 7.166368645844418
5094 2.8648280002890107
5096 1.3083236836522278
5108 4.29309222503025
5110 2.4448074081692823
5111 9.110401384866165
5114 2.8401591713878926
5132 0.3801829911567454
5138 9.826352788742643
5155 6.0304401548800595
5162 5.048851396495156
5166 5.064594367016222
5173 5.99322477069205
5174 8.817707405770411
5176 3.0348853835615723
5179 2.47904715807958
5189 9.088364572357058
5193 6.6439296992293535
5205 6.235865093036633
5208 6.25552631789232
5219 11.537597721625966
5224 10.52285357316552
5227 2.386662101709004
5230 6.3655313920277345
5283 3.699768390418769
5286 4.831185577542868
5288 2.420263883818885
5296 0.8292680768665074
5304 9.603762251668183
5310 6.192761892584583
5312 7.669078164123129
5325 1.398077223926931
5327 10.714046159653194
5328 11.18532605182728
5330 11.79395122709772
5378 0.3421235975331641
5380 10.3918599985975
5387 5.111628179324129
5398 4.466520394794265
5402 3.029965329277901
5405 5.918997920035727
5407 4.573465846440441
5408 4.49158221885633
5411 4.066960112372258
5420 4.421099351541798
5427 11.069327897723483
5430 0.8886512622812812
5448 8.211143566539812
5451 2.4976388010415547
5466 11.386203107959744
5470 1.3439600984489404
5481 5.246270079974349
5493 5.081695988825865
5501 4.821401420610679
5529 4.021734326571235
5536 4.314155023812636
5541 8.630520347178178
5544 6.339053590131221
5549 4.223756432708951
5562 2.4134857129066765
5563 6.422190054434602
5579 6.673481879964259
5580 6.466432280984526
5597 5.400459554424793
5612 4.297290316610603
5617 4.649536874367759
5622 6.0137946042602906
5627 8.130045289651205
5628 5.037456318331209
5670 2.942797142754133
5671 0.9073209791065198
5676 5.801214085416748
5677 6.217062852325878
5679 4.08177748613665
5680 5.599410294758093
5687 1.828033565298133
5696 4.724921227555928
5717 2.726138196409585
5721 0.7566161206277568
5733 0.5534101365756472
5739 2.759432729720816
5748 1.7436298251298563
5752 0.669143945580587
5754 6.194443382692756
5765 3.6418689211293707
5769 5.3276894605234695
5777 2.4188963123458187
5791 5.00899557821464
5799 5.168614779348805
5805 2.384134922496581
5806 10.249683520633148
5808 5.122575363008056
5822 6.430520237564224
5831 3.721845207641812
5846 3.8654080755597175
5861 5.249288499017996
5874 6.653095599394259
5879 6.056299491905701
5893 4.7501385106960115
5910 7.701875455158716
5922 5.112244206586016
5926 3.998657894057244
5955 6.49089091627975
5958 7.895065079539786
5992 6.018267280220323
5993 6.343327758893826
5994 0.13643611286224686
6008 2.716138524987612
6012 0.012228082384289737
6017 6.6257882487190525
6018 0.09232911329398916
6028 8.10854481556135
6034 4.655170566222744
6035 4.893311432064913
6052 6.443997766465689
6057 6.520436440265282
6062 2.396767684588219
6067 3.268096370899306
6072 6.500804058466681
6079 4.117537899262362
6088 5.22948977428988
6090 2.0336206207771945
6098 1.9785825878716952
6102 3.430467448112732
6103 1.7660317552118987
6108 9.43182703750516
6111 0.525027541918049
6130 7.584669836467578
6134 8.968600378464668
6145 0.7662815158654763
6148 0.09498237446627573
6160 2.448425810239516
6177 3.4090491503168665
6186 2.6990972780777445
6189 10.227571410871464
6192 3.896811466741727
6210 4.9617470503300325
6223 2.5872661935470864
6269 0.27064100672669317
6270 1.168417904738648
6276 6.785855420671151
6279 11.272348023215516
6285 0.8439997269826431
6288 1.0134900588910714
6298 4.005226586978411
6306 0.5279323511490982
6315 8.126116988130105
6316 4.048133190446714
6339 6.023578500705943
6346 1.709666942328317
6349 5.207322490028531
6354 4.0465660925722915
6366 2.983865651092917
6374 10.26688670454982
6375 6.209810349887442
6380 7.194215527107542
6381 3.3162634384425043
6382 2.4376922813246944
6389 5.502141200392442
6399 6.673441453789884
6403 6.1508205256138355
6411 4.527189238938683
6430 2.728865655591547
6447 2.4783704748256823
6448 1.3143370221489101
6468 1.6718347166948666
6488 3.562796535989639
6508 0.23287962522953673
6510 2.4441270297108386
6514 5.88074530491456
6516 0.1922413450007211
6519 2.8459651003806354
6528 3.1944617470397163
6536 5.582951751948267
6537 6.584643539184978
6539 4.6578595018568345
6544 8.285804938021254
6545 2.841738796610595
6554 4.154952137092322
6558 1.2247433051496186
6578 2.5579141011094113
6579 3.5875993529332573
6593 5.597853717987705
6610 9.170811386582251
6619 9.09703383157809
6640 2.385346615045857
6645 1.7752812577545523
6665 5.472780522800365
6677 5.674403074091746
6685 2.0262991664226853
6702 2.4905620664374335
6703 6.4038307782861805
6708 6.638385309518385
6711 0.4963106416195261
6717 5.716999690324143
6720 4.147915630992226
6721 4.816349235037107
6722 6.551143039202714
6727 0.6059173467726263
6734 8.853693980023419
6738 5.655237373099059
6774 2.720683307933161
6775 3.9247428508665427
6785 8.305945656771724
6786 2.8107277248976628
6790 4.071892901953229
6801 0.7102688721459278
6816 3.782833658448945
6821 3.442049260452275
6822 2.8019933225015534
6827 2.2317301789835113
6832 11.195277781191928
6834 6.427176281981291
6835 5.924898409780779
6839 7.2895531995606655
6852 2.996390461364717
6853 0.21784067941196328
6861 11.550503754002609
6864 0.9770566278486842
6866 5.236696617160933
6867 0.27545821821529926
6875 5.170222440302623
6878 4.752104092591474
6881 0.9280667858067567
6888 3.066237233658834
6893 4.155385045467705
6907 4.911430526225877
6917 9.153178445003073
6926 2.7048368995788015
6933 5.257587729314895
6937 4.151640725361344
6938 5.8402354720647365
6942 4.720057635862939
6959 6.2642992853421715
6967 5.06633948677955
6974 5.188639671382689
6985 6.029057614812896
6986 5.4585430487251685
7014 7.230556882754029
7015 11.279095685351454
7047 4.695797865031068
7052 5.226424734495618
7062 4.94548412331787
7073 7.13554731463834
7076 5.108073038782866
7084 2.552513858659248
7088 1.3010186197949019
7089 0.6949263348763995
7099 2.503909486343114
7119 2.024372941054942
7122 3.6363536516669743
7125 8.95700840116137
7144 5.242529940527259
7150 1.6105716641585368
7151 7.351552821164892
7163 7.228030707536814
7164 0.4761610427031431
7165 3.5945044957929206
7166 8.505864917953682
7169 5.060311917592624
7171 1.7366462155602675
7189 0.5207097175517281
7191 0.624014868783884
7203 3.007367028246237
7211 7.602777738081207
7213 11.057941358330455
7219 1.889252142389792
7232 5.359874636641283
7243 6.592344234869483
7246 6.404213951790036
7249 5.0569379376575405
7250 0.9607405465314908
7259 3.8598210470653607
7272 8.347455480705914
7277 7.7336624426945875
7295 11.555728707228656
7318 3.602619760527004
7320 2.532030120251611
7334 0.6312288182231618
7346 5.679784550715135
7349 2.9633794107258
7359 8.326274364414486
7361 0.5013737133781277
7376 6.76758164815846
7386 9.453393974015624
7406 0.9968692088289827
7413 1.048292418674475
7416 0.5718172070821932
7427 10.139538936423307
7435 1.8228764368667558
7438 8.83256182723591
7442 2.6605293380183204
7447 3.570623971136909
7448 3.9861772638813817
7459 5.696462589756394
7464 6.912378950238887
7467 8.247965360248857
7468 3.9863194485629294
7474 0.4543687984654445
7482 8.096481542848588
7489 7.9657878509719815
7494 5.8361722863268
7503 10.147659966189323
7525 8.091187389909392
7526 7.7076930690534295
7537 3.055322869987861
7548 6.1444350431183015
7552 6.06687492734378
7560 7.20953709844462
7577 9.27846115144868
7578 6.04780167639036
7580 6.864718647854245
7590 1.679040402632007
7604 3.052187769347916
7624 5.644422002516433
7635 0.9544974570635771
7639 2.474933228529663
7644 6.659940589121837
7648 7.004554400825567
7654 2.4748462749781197
7662 3.5127679602609994
7664 3.5171060027699643
7666 5.823288132130304
7669 7.392722514082719
7670 4.699527226079402
7674 4.902804556180054
7686 3.1383996486735573
7688 0.4855277600368137
7694 7.115954623439078
7706 1.3519020114786693
7710 5.819932499811892
7721 0.4380265924892056
7726 3.861883342820157
7739 1.599517855560595
7741 2.60682936219265
7746 8.999153241480263
7753 1.3507403171245937
7770 2.15611310248075
7788 9.902397959140577
7791 9.42257456397902
7795 3.8613084691123807
7810 2.417043748791049
7821 6.207683969778566
7831 6.390538901379688
7842 2.556884558847387
7845 10.692221749584503
7853 4.370154195778214
7870 4.3624955069722775
7886 0.6933937123896254
7895 2.3085131039236533
7906 2.0017682576948737
7908 1.943108408511799
7911 8.621670697083358
7918 7.590720036215834
7950 2.3445590691069627
7961 3.7888478842662208
7969 6.646155771102853
7979 2.6391869717419754
7980 5.637444716622779
7991 9.540245421788768
8002 6.817223956850013
8011 6.347499726899261
8015 0.9227316725686525
8022 2.5350665207532104
8027 4.403425679240958
8035 1.8580052956980522
8045 0.01792887236463981
8048 3.3080281350886898
8053 1.7530237469342058
8061 6.896102384829515
8063 5.748193302194252
8067 8.916768900071379
8079 2.542715375510776
8086 5.412703966788345
8092 6.238819693334308
8104 3.4794600125005544
8118 6.19549231095012
8120 2.300168725322019
8128 11.388718236010838
8131 5.235257124008957
8135 6.656749457053966
8144 5.181530012737688
8155 2.4739177534282306
8158 10.661116432686493
8163 2.362668968298923
8184 7.131814373933968
8191 0.5311356212807571
8215 4.129562777155315
8217 2.38989032061237
8219 9.092350335197791
8238 1.3637636559613548
8241 5.0763583687811344
8245 8.821315862701987
8249 0.41915445043427685
8250 5.947153736052592
8262 6.005386360681768
8269 2.3581852018036957
8274 11.294242090664346
8276 3.9860011388065577
8277 4.505391244251341
8278 4.85303888815489
8279 5.1140746699727595
8280 5.164890955757641
8288 6.875659463038578
8293 0.8369442591038394
8310 0.02553157489851896
8316 3.379769774132464
8323 8.333356604350017
8324 4.046521560769977
8329 2.399151621761819
8338 5.344132178888809
8348 2.755055298254115
8349 1.990308494708629
8361 4.79228535360656
8367 8.310958409063556
8370 4.666818645015982
8380 2.212347304051481
8401 9.848667848145206
8403 0.4754174965488226
8412 0.5652520884842916
8422 9.255021815101655
8429 7.127970941354654
8435 7.153156450772391
8437 5.055062915812265
8438 2.915252550497425
8441 7.338422376678925
8442 3.760346213938783
8443 1.3817639757575004
8451 3.775000219039585
8458 4.283711019057483
8465 1.9621573814989424
8466 6.700252756634441
8472 5.665697380321001
8486 6.06125241244157
8523 5.82388176190856
8528 0.6622593333796807
8529 0.4639395674211262
8545 5.269132223331705
8549 5.755838686963079
8554 3.8694236151206414
8559 3.245992259482848
8568 5.472972092948369
8571 8.712154646592834
8578 0.612364172015019
8581 9.645470185844493
8592 0.7112473635567316
8601 5.39665529531207
8603 3.935330680668164
8609 6.927354448843653
8610 2.3554422099201533
8612 2.8080840738530637
8619 4.107639702256467
8627 5.714201129914706
8634 0.7843388117539722
8653 11.737635376554683
8663 1.6680968835661196
8685 0.8820579052954005
8688 1.4412323109114402
8693 0.30416057788534323
8694 2.773697519543955
8695 10.435220317851385
8705 5.676339356039274
8712 8.179289269131562
8715 2.4412973613780284
8738 0.700156136045987
8744 4.075319457499708
8748 2.523461902768783
8750 6.611614836817456
8752 7.733960585432162
8754 0.617143546528353
8763 5.265054717143449
8768 5.106105588369157
8770 5.570761819787436
8777 8.982430822144751
8779 2.7977438044468483
8783 5.625947248394635
8786 2.811867912329578
8789 9.88007834722168
8798 0.7356942127965153
8802 3.1079090084692234
8812 0.6144219968952588
8816 9.592989202324622
8819 2.339560139634448
8821 5.561395622749112
8839 5.6776474046741665
8856 2.1477983483215617
8860 4.068580074214507
8868 2.795374602631431
8872 6.080711420923004
8879 1.9579642535950041
8883 5.030805709437474
8886 0.9723331979259313
8887 4.13403288553903
8901 5.096035178414738
8912 8.824879307275811
8914 3.3443453984759834
8917 6.585535703409473
8922 5.19735635115381
8925 3.067567606030373
8930 8.739508832333033
8942 1.9766819631086163
8952 4.877339483610942
8969 11.188641832827177
8971 4.181754277796918
8974 5.678497759509673
8977 6.967799684600724
8979 2.303122505281227
8980 5.213300218578663
8982 5.60093951680981
8983 0.6898493008648279
8984 9.810944300482253
8989 8.129577724218315
8996 2.0109563834759814
8997 0.14041743662286646
9005 5.536219911433873
9016 11.463823247594345
9019 5.519914848801586
9033 1.073283572344275
9035 10.567385175274433
9041 4.685788005619127
9042 2.0049327909340584
9052 5.282005504607971
9053 2.824897549518205
9054 2.7767498841536398
9062 0.6472332129507273
9069 5.078287978529652
9071 5.378844773364404
9072 2.401528556736475
9073 5.9796884542313915
9101 2.136926519462029
9102 6.108506341117486
9106 4.974537048343783
9108 1.5582591409185766
9110 3.5359366196306907
9120 4.085083730871605
9121 0.5717060403531816
9131 3.469806070127751
9135 7.408262881570909
9144 2.522415474420515
9163 4.905600169101516
9181 1.3333342341856353
9183 6.83396338188612
9198 2.3825216102810676
9203 3.854406422124516
9206 2.492587286570183
9217 3.225161293081982
9229 5.925341178551516
9239 2.4813652898932643
9263 2.7525541647215976
9265 2.489951996384224
9290 2.543952415077364
9298 7.464568707391437
9325 1.389111402604279
9333 5.83293595155817
9344 2.6745118690829797
9352 2.7262122682404852
9367 5.539564823735475
9369 2.1122311778639054
9377 5.247566965369117
9380 1.536201732009739
9397 9.25328691992795
9403 9.128981050961345
9405 8.648178503328905
9406 1.6881501393186447
9428 7.243736725100072
9446 2.4903246092615983
9455 2.041176504026529
9477 0.7189847755428297
9479 5.442278445179309
9480 5.8296833168743944
9483 0.8950851807981033
9489 2.1775834844447295
9492 7.104712764829329
9493 11.734927394638257
9494 3.529509318192099
9500 5.117947639581162
9501 6.742429599016463
9511 5.217583048053351
9514 4.004878048877561
9517 3.3661701256805565
9522 6.492255437262036
9524 10.785861004868597
9527 0.16700293352742698
9549 5.297739776631091
9556 3.595088490689386
9559 7.178746963634545
9570 5.435961801685988
9571 4.729985173858314
9580 5.706548602555513
9597 5.183762481689504
9614 0.44558143683857343
9616 0.5551151994785233
9628 0.14895617770232905
9633 10.43042922744703
9636 6.334889092308694
9640 6.355466346570924
9646 5.1418164285448045
9653 4.847971108053513
9657 7.0557128853939215
9659 5.670648648815497
9665 5.125461490205151
9667 5.131972272322564
9674 0.7773923621878288
9676 4.67017759048013
9685 3.724304199010668
9702 5.463331199761417
9705 5.345517184859569
9714 5.953724573553745
9717 4.649084429701394
9722 6.192178602229114
9733 2.6318775342705805
9740 10.55420905503059
9755 9.553733224761944
9773 2.2943055053393264
9776 5.259229973764281
9783 2.182079094253719
9790 11.50099174869427
9791 7.2143115451732935
9821 3.727349516131523
9832 0.7144969070765302
9836 1.316316158218295
9839 6.171689061171035
9840 0.03803839412302277
9842 0.6215605349279584
9864 0.7313295013996645
9883 4.17149605419633
9888 4.029442110116125
9890 1.7943134720853666
9891 0.8723671064627234
9892 10.596665651999082
9895 5.902625439643756
9898 0.47964749411612034
9915 0.7064377134325011
9930 8.266222602440765
9933 0.4019749531040458
9936 5.3345859019474995
9949 0.44241504207438453
9956 2.844783027598323
9957 2.2142391917187476
9965 4.686096561948126
9971 2.478197635212286
9975 1.7266255754714088
9978 1.6448740898489684
9979 4.032805356629685
10004 5.403732199642291
10014 2.5790394038914917
10019 4.096750041279403
10040 2.509123650783053
10041 7.645266275677323
10042 6.47928416695705
10044 3.075761805343301
10048 11.47092472216933
10051 9.00321119998214
10054 0.23742571613997812
10061 7.139810367434488
10066 5.010181399193922
10074 6.7340273468275
10078 3.8564733234398454
10083 3.5623692159344045
10096 5.098195970110087
10100 2.516277559722064
10107 9.111327687267696
10109 5.595547126427176
10114 2.428388109144428
10125 6.196812319017618
10138 5.206230785296818
10145 9.840337016336084
10152 8.10592319844626
10163 5.030688485266921
10166 4.637487263423232
10168 2.323186545292947
10170 5.175611704776584
10200 8.897217752014948
10205 6.399082081742074
10218 11.171484941011457
10219 6.328467900342516
10226 3.61472912646755
10230 2.462503283511401
10233 3.0549997558316404
10246 3.830016804143596
10253 4.822330067319236
10260 0.7177932354192582
10266 8.079855724677738
10288 6.025194168500695
10290 5.163880493111193
10314 9.392299935845633
10320 3.7055466869830287
10325 4.759555085570724
10338 2.2076105902035037
10345 5.10876739945603
10347 2.7687876204707407
10349 6.193666105117297
10351 0.8256324353561151
10389 3.8804903757965152
10401 5.701952195064741
10405 2.780849280316524
10407 11.366584784832883
10415 2.500695028705478
10416 8.754989991232923
10421 3.8327651832214253
10424 0.31385509737807604
10426 6.5437369869426
10427 11.490704545867358
10430 9.12886701207956
10432 6.54447130901495
10437 0.7240315552114464
10438 5.229188304994955
10445 6.872249430137777
10463 3.803816225075347
10464 1.6050740805598502
10469 5.549402010472429
10473 2.565808451126095
10484 6.888822963554519
10492 9.370914330286707
10497 11.738793961998597
10512 4.8179501338502195
10542 3.0589230767002826
10555 1.3768846449312937
10556 3.0552509453701653
10580 5.967607507928025
10596 9.040264589351
10604 0.10728265933571582
10612 5.2143567004583735
10626 5.5423531779130455
10640 2.8312015969472415
10643 2.3322449543747332
10646 5.565934327262588
10650 3.076619541982723
10652 5.532056812649037
10654 1.5674991229162654
10662 1.9975012218861505
10675 10.27522894048622
10700 8.24566893812147
10701 10.419319899218076
10704 3.520261680478903
10742 10.676339570845458
10744 8.020000782056757
10752 6.357903680657963
10759 7.517878341457384
10763 0.5225242127523483
10772 11.135233472179356
10779 3.8019781264146553
10782 0.8236164046619578
10787 2.7215370881422096
10792 5.991972457207202
10800 4.3327502546526855
10807 2.4555849241768386
10808 1.2647902800180029
10810 3.5357028146689857
10813 9.67795144104349
10819 2.437160308991075
10826 10.647363607552586
10843 3.5958618549492134
10852 3.1370695825599384
10853 7.998139054222991
10855 4.390248613902328
10856 5.120666769661612
10858 7.148714399560038
10862 5.826462147387684
10865 1.387163661309106
10876 4.6645284747862625
10878 4.6026897260675925
10882 4.911405454610592
10888 8.779198238461243
10891 3.1091286788327497
10896 2.2972301778232844
10908 1.725712248378417
10910 0.8866068451463415
10918 2.0233353831197944
10923 5.267229699463736
10929 1.3790639306736063
10941 2.795807315934512
10943 7.482730240421548
10954 5.102244887253677
10957 9.011130331510218
10961 5.807534303036776
10969 2.5496030938203282
10974 6.002875259270349
10978 3.779741816157559
10980 0.5645630038276689
10986 0.4073955546678046
10995 4.988904920966422
11001 2.5745024705206068
11007 5.128138196587887
11020 2.2783022714441734
11034 6.353166314069312
11039 3.0931293657641272
11040 4.046092114452701
11049 1.555531750955611
11058 4.089363899438962
11071 8.488900394035934
11083 6.792881603903057
11087 4.097764576567856
11090 0.005448308296668157
11098 1.60581415650485
11117 5.049446061907635
11120 5.899380518548107
11124 4.794749278263104
11133 3.538932769734417
11135 3.873827090144106
11148 5.558049629277685
11151 5.7020796123696975
11152 4.251267938614372
11155 2.4353164089825725
11161 5.498582797178865
11163 2.4084187376267043
11166 5.7877904063725465
11172 2.629599418633986
11178 2.454694689967436
11180 8.583003952523612
11181 3.9940130169864174
11197 6.805101706973607
11214 6.408536366877739
11218 2.54622015077565
11219 0.4516703898426023
11222 5.5056424581872
11231 5.0607815333333175
11245 5.902941411756427
11260 5.406374058502358
11277 2.5150034935198744
11290 8.798750272335182
11291 3.7639096383845505
11298 1.7194158495514562
11302 6.4809351852736805
11309 2.4330269295254032
11315 5.964340103047623
11334 2.7119529628113233
11340 0.6358982266013196
11345 2.500235253138111
11359 7.3473089746124
11361 5.119346788963038
11362 4.6698866402211925
11365 6.541191345496421
11370 3.167345281873603
11375 4.682774406608947
11383 4.043233246109696
11390 2.531435186438434
11398 1.705668863389055
11417 1.276871142961951
11422 4.080608392709864
11429 5.536949899698096
11446 4.121815423680506
11455 0.37294478317880353
11456 5.073867295060014
11466 4.1591958585830335
11467 1.370216583924245
11485 1.1800033611792196
11508 10.503008814590622
11526 2.4240995950784248
11533 0.15075524059488518
11538 1.0087928832703126
11569 11.37591176986388
11571 2.700916147435879
11577 4.906415112692081
11581 9.831271052548574
11584 5.663624191218842
11586 0.9176850839189881
11588 5.0943989216583585
11613 5.338121867603476
11618 3.57833854790297
11623 5.244199883838
11624 6.098305040482683
11640 4.140834854491918
11673 2.663667635042841
11675 3.500102232614548
11688 5.534414873556805
11697 8.144600971335759
11698 6.771416299744359
11704 2.8242455342532664
11705 6.582716673618328
11707 4.05283196292348
11710 3.9796161298295076
11721 2.046781235602728
11722 3.3398697732594593
11735 8.005967033766094
11743 4.481462839187132
11751 7.432438293091022
11760 1.0151350026955213
11763 5.572408050976482
11768 0.3320460258337529
11778 0.9832127086860206
11787 6.649488416524218
11794 11.73075269737088
11811 6.4818045583902455
11820 0.6073685141989319
11823 6.050793655218994
11828 3.8201749546657577
11843 0.8407719379405878
11854 0.7715463654974019
11910 4.883584822628026
11913 4.836217958986993
11922 2.7771413109466017
11923 2.6835037782374322
11925 5.534170682567282
11929 6.732179300795744
11940 7.939564263818466
11941 5.611053190830668
11968 2.922020778482107
11973 8.994386022305108
11974 10.349675642813265
11981 5.870844885292085
11987 6.053495097224338
11994 8.812337040064522
12000 1.004845879092431
12003 7.5662746537884855
12004 0.37039591515263964
12006 5.887620571885414
12015 11.46717911138178
12018 5.245857989603068
12029 4.948098025007845
12030 0.609942343804128
12036 4.681997620069016
12044 8.948483447629133
12045 4.789200931177459
12053 2.540958355549066
12055 6.848501502496185
12058 1.9971693080048905
12059 2.5390904607915017
12080 3.366223326588967
12094 11.16783253163726
12097 3.8725729120560417
12109 3.0638002935106066
12110 0.8215085297700794
12114 8.13454727497702
12117 5.623776657021301
12118 4.098452542686973
12132 4.852600010179853
12137 8.600528514948081
12143 3.127612369181858
12158 5.072491146894756
12163 4.228928447429745
12189 1.9448089550507603
12192 9.82133183382651
12199 6.207904909342739
12202 7.522035771005103
12212 5.135708642352301
12221 6.020830573671792
12226 0.6645414467690474
12246 2.431548342441574
12247 0.7407229501839323
12255 3.8988796508287726
12260 5.13629565073376
12264 0.17867389527416577
12273 6.97415606013072
12277 5.927392744104643
12287 6.466279060269642
12301 11.496227915338295
12340 3.6656207573733113
12348 11.736280257405209
12349 5.07528607067137
12352 6.198859661140102
12353 3.637700353301749
12354 1.359111542330417
12358 6.666682717329742
12368 3.360292323329575
12372 5.104188208885016
12407 2.3877703406714206
12418 6.191736334058842
12435 3.6459475001051684
12441 4.608345474285756
12458 3.9685619024939167
12463 4.696056076196954
12465 0.09949980427580873
12466 2.7087975397555697
12469 4.1961610325982
12477 5.649506904709302
12481 1.3307455262049463
12486 3.8431600024990398
12490 5.1170794335160865
12499 4.889191478420752
12503 4.363942387598902
12504 1.298485393873608
12509 11.534474157806244
12518 11.117552095459077
12520 6.037262276955862
12527 5.688561119892644
12545 3.1115900837947708
12546 7.398382208420522
12553 0.6195489837020922
12566 2.5037384416469566
12579 1.8212797234005054
12595 9.346971127534754
12600 5.8932101854800925
12604 4.056165348685023
12606 11.547544325729925
12612 6.006267320799124
12617 2.459855831447102
12619 5.949004883278445
12625 5.068094781945745
12640 6.062327926768648
12642 2.5825072869359222
12643 6.255571356651755
12653 1.6545760414157626
12674 4.823147583146254
12686 4.643440835930516
12688 5.477727827373152
12696 4.887719082253177
12707 2.5531200351681873
12708 6.360983376949845
12712 3.9909466282007915
12716 9.893795465601043
12717 4.134808280830774
12720 3.1258716744595905
12721 4.076789064950524
12727 5.994153510983827
12731 4.855660630214098
12744 5.254983986855464
12745 4.877891812374661
12758 1.8132151140895254
12769 1.0181950302365863
12782 4.545113339121033
12806 0.47753509258774035
12809 5.112530366451471
12840 3.0308111017801367
12845 9.297607381212874
12870 8.85439037630449
12878 2.462191425689991
12891 1.3412622297482084
12898 1.3601008121437272
12902 5.970358424326773
12906 3.8494534410191594
12927 5.915836090116371
12929 6.007571480138861
12939 1.0310151498509912
12940 3.1665519284207004
12941 8.012796630930097
12944 4.524470871145754
12960 7.79514556313516
12968 8.323012101509047
12983 4.8632754209343245
12997 10.130225338714967
12998 4.64136648882476
13016 6.904656770050616
13020 0.49020103901287954
13023 6.31348078398481
13042 7.178513833584702
13047 8.585885757674998
13048 1.3780885975904527
13052 4.841824720174869
13060 7.797890519094682
13065 3.902626768162581
13078 5.663496436115133
13080 8.768149913117046
13082 2.409576393684278
13083 8.781120721905156
13086 2.47187691173047
13096 4.120875547675183
13098 1.8657178658341145
13103 7.097758612715541
13104 2.4128419148793188
13108 4.031126391678366
13118 5.397064144225758
13119 1.5405362353981717
13120 1.2380049400843158
13122 2.696830426163469
13137 3.401024265273287
13140 2.3566012336495783
13152 2.6421387059834
13157 2.125769940604177
13158 5.369253660232225
13166 6.634673097508362
13169 11.796848254862356
13172 1.3224777704469535
13175 10.849407935129884
13180 4.663405360179008
13181 1.9818861911378494
13185 2.953038978972566
13186 2.9958531601983385
13195 4.445731927623158
13201 7.3686441798302384
13226 2.1881780862709967
13227 4.851620811207566
13232 0.05022013608554601
13235 3.3263007648998917
13246 4.89538452670496
13261 4.549540194577334
13264 2.503152918558269
13266 1.9033550381788513
13268 6.619008213816063
13290 5.874342967216894
13292 5.727152550570325
13295 6.394288805071489
13296 3.6615243069470256
13299 0.6562435800650632
13309 3.927378158735006
13334 5.100033382657693
13346 1.529445324203388
13347 2.4288395145927137
13349 5.110272770868272
13357 1.0382103437233483
13361 8.11298447664742
13373 7.612138021087567
13384 11.144505079655648
13387 9.38364946561986
13401 7.198592048985834
13402 6.718907939732685
13414 0.5947354851828073
13419 0.9442527278475361
13423 0.39746191415024434
13439 11.28519443607892
13444 3.5660220487489784
13445 0.7314081937569652
13447 6.508066635669672
13453 6.822151540856121
13456 2.442979353721198
13471 11.382673078382648
13477 9.80586633370137
13496 5.084685091556462
13501 2.292604785015659
13502 0.6123220919230029
13503 5.375646928536305
13510 4.961376993365768
13517 0.13232624181887864
13544 3.220168802878565
13556 0.1312958048185772
13559 5.879546515470337
13567 4.984171560305902
13569 5.975230885346018
13570 5.949256541506719
13591 5.221342962036316
13596 5.5588142186010705
13600 3.0201588098170635
13602 5.126278487196158
13605 1.1748616393802824
13619 7.8840156716177985
13622 3.0201014267044886
13625 3.46324160987679
13626 5.489002616999186
13644 9.87380507236678
13647 4.700736774734037
13666 10.124126066075856
13674 4.0316017667605895
13677 9.099973458367955
13681 7.204725285064986
13683 11.051501742070052
13690 8.01553004484341
13699 2.5341188587885592
13702 5.187389806776138
13703 1.688918805518966
13710 5.568215272498881
13714 0.2895600248901771
13715 4.325538543871009
13728 0.9069094840146507
13733 6.259963736861725
13743 10.71857804976471
13758 4.035745047829941
13762 4.520455014688162
13763 1.5610766016051096
13765 10.027099126760822
13773 5.352371503564477
13775 4.101066216884359
13783 3.6621182442434783
13824 6.502159413088482
13825 3.9436998508502894
13828 5.267030078646382
13832 4.099776335504257
13840 5.074408548885489
13868 1.3060160876287954
13876 9.054075373990603
13889 5.544315780207597
13894 11.198595078372897
13901 1.065266255045831
13910 2.6867898612204466
13919 4.865878629530467
13926 3.5562385739475575
13928 11.454612310354413
13934 0.8069608311090198
13936 5.098003233998663
13943 5.2261651946231895
13946 1.7332049293446485
13957 0.5833284409115982
13962 9.684757190276642
13982 6.00271353691158
13985 7.2188451460260845
13990 4.652527056305809
13992 8.787794883602144
14003 8.703478087609005
14014 0.6315603396731203
14017 3.847591129029132
14025 5.280034537616429
14033 5.277043935547917
14035 0.8845491742959679
14036 0.91258889441921
14038 2.805932853895439
14051 7.429408910862493
14054 5.576437698857335
14056 8.832498308144192
14058 5.13663040877044
14063 1.7854402049890605
14065 0.7432102003539641
14104 2.800343133063407
14117 5.1272665178908
14124 6.918804485615901
14127 6.8991679040884275
14135 3.721148414409562
14141 3.7112898990003775
14142 11.311468852813906
14158 5.710555972716329
14173 10.136395112424655
14182 3.7434136450432494
14189 2.451528564394325
14191 8.153966594721723
14192 7.651064366260406
14199 4.538841018373953
14204 0.5702762328015186
14206 11.15992760856751
14211 9.10672501698838
14219 5.079031246304418
14235 2.9565088161740936
14244 6.0761219867587
14245 0.9387827614433166
14256 11.28944348179358
14267 11.15256804898533
14281 3.623012376276382
14287 5.138203557524334
14292 5.144202542601472
14305 2.7817083036355026
14309 6.599421469827891
14313 1.9891575737589577
14329 5.8044959812284045
14334 4.737679751027833
14335 9.406864004815285
14359 5.19549602525771
14365 7.477627896836488
14368 6.922286807810898
14377 0.002990863888348574
14382 0.7047468807767925
14393 5.255290386706141
14403 4.462864858106532
14406 2.40083926402207
14418 1.7231193677309469
14444 5.479611271666392
14465 6.780253119114215
14467 5.657352344422465
14468 1.7218244403743446
14480 2.4837081401775682
14492 0.9551448769361766
14493 0.4612288872558468
14498 6.852267683168082
14499 3.6328006637515857
14502 0.48726533256292814
14504 3.0620790357254024
14508 6.179408750617999
14521 5.545695314515785
14525 5.139792601358565
14544 5.9984379362369635
14545 4.11086647300252
14553 2.4386633752643303
14558 3.6164155170527463
14563 0.34661306059205876
14564 2.3299270921915842
14572 4.650414113771861
14579 5.125516465850739
14596 2.045490532415509
14598 2.6847796163172313
14604 4.631383958963483
14621 11.305215023287849
14630 7.273815704453342
14634 6.016757527121126
14639 8.791418562770033
14642 5.4483455334231765
14663 7.675738200857726
14664 4.2029778351193
14678 1.1022323373821739
14693 8.091586332458403
14694 1.7447807266582886
14707 5.709070191254668
14710 5.50747298038157
14719 3.6279333990363676
14722 1.4481983578971873
14728 2.977452718771291
14733 0.9477363936975923
14738 6.268645547683243
14739 3.7150694455244406
14742 5.331142563595424
14747 5.674126307570351
14750 1.010643057163066
14753 3.418951676751392
14768 5.110959875701045
14774 2.5380286454254577
14782 8.979777248655974
14783 0.5557993408825299
14791 4.836719725137166
14810 5.306764830718319
14819 8.964935454957242
14831 5.364186476276722
14836 7.256019369336412
14839 4.022334166350834
14862 2.4164321722323607
14878 11.517412343491289
14887 3.084925950262083
14896 2.370813304827985
14903 1.8851807755852914
14904 4.734070832149968
14921 5.3660797731006635
14922 8.827742302273188
14924 4.31172482321407
14954 5.230752260011289
14962 0.5615735257127389
14972 4.063145980396549
14973 4.754785693201586
14995 3.007842922508122
14999 5.219557125917323
15006 7.124122538174766
15009 7.223442488081779
15028 5.240893321106119
15031 5.235857657619408
15048 3.9229732564841915
15056 5.116991536961073
15069 0.9403787322298663
15075 2.738141569406348
15088 7.36875858715033
15102 4.11754050467688
15104 2.4578748495914158
15105 5.906848752775842
15107 2.932531501375955
15109 5.142402964565135
15111 2.41010207135649
15123 5.053303444932502
15125 5.109494479299733
15141 5.6839550809962365
15145 9.529129984727547
15149 6.103367865325977
15154 0.3605089026190471
15158 6.027518750390462
15161 2.456745269781344
15167 5.667214008553223
15185 5.970820891355856
15199 0.005964860231143394
15211 9.494070089392082
15217 0.8079667422538209
15221 10.358359426014133
15224 5.394224182627438
15227 4.875544857986641
15232 6.441234645699689
15239 5.69193704503366
15268 11.275712899849072
15271 2.468822612110494
15272 6.9363321382118155
15286 2.3979908298472714
15289 1.1826028037672962
15297 4.127552381269358
15299 4.885092572653423
15312 2.4668638436959025
15317 2.0379509495128847
15321 5.070556591328807
15328 8.093499331703491
15333 8.315981034131285
15337 7.274902976714058
15340 5.49542228192141
15376 2.3965366655997236
15384 5.092329496800904
15385 2.5698236570422686
15386 3.5612797331759514
15392 4.434544019499729
15402 6.426395762510175
15405 5.9866678239442574
15408 4.846989844053451
15415 5.261135012141074
15433 3.2284617500115225
15434 11.531443381804545
15437 1.7162315801642973
15451 1.0441817572014502
15457 3.4589573589579943
15471 3.895297391006998
15477 6.932656672613736
15479 7.378956945584605
15480 8.72567069793594
15489 3.8457050721991255
15499 5.795220103762224
15518 5.113017440113089
15535 2.529066427580886
15537 8.828683934400475
15550 1.078768886737547
15551 8.837317693148034
15574 3.9211957392621413
15588 3.5176159626063708
15612 3.5677765448791416
15632 2.217151294744982
15634 5.733179857223136
15662 6.663895335333643
15664 1.3929571433831032
15667 3.116166106206113
15675 6.7682881317724135
15683 6.449084975654886
15690 2.9465239616876553
15698 2.618669324453965
15700 6.229929914377048
15704 6.501918677498055
15719 4.874620740416619
15721 5.2395277037896
15733 2.7638371460012263
15739 2.5754460774814456
15740 3.0696780260981287
15744 4.623139723034875
15753 3.8564669732764965
15765 3.5495061407303385
15787 5.785859808442512
15790 1.1305855511995002
15793 5.341665158738142
15795 5.100014831161089
15813 7.050340839361752
15814 5.350838041111173
15820 6.6802723690184465
15829 8.902965341590871
15841 0.9339904960538353
15860 4.828225403103593
15873 10.287465977318954
15877 4.66373600643729
15878 9.363851003396837
15881 1.1918747052096046
15889 9.043931422881581
15898 4.870754335691724
15902 2.8199534209344392
15903 11.480316388352644
15924 4.6915406665194865
15926 5.2390227189084
15929 0.3258782757777759
15937 2.3462491909990573
15956 8.747218159248462
15957 2.81876114186179
15965 5.976253383885334
15970 6.350743715798479
15976 6.411174925176074
15987 3.325803064277807
15990 9.85650397819674
15994 7.2557041258063855
15996 3.102951514452822
15997 2.5205742030882687
16002 4.644920044332523
16015 5.384107106336192
16057 4.615189388144579
16070 0.22412034376259793
16083 8.33673761987399
16084 1.1852037251664198
16102 2.39211477200278
16105 5.813973796659954
16109 1.150876387462473
16112 2.9223901201669094
16113 9.416967780398583
16120 9.56893437199887
16122 5.876178067406812
16126 8.13337342404618
16129 0.7978339027510083
16133 0.6158003865958188
16158 6.144751231411044
16167 10.53894860931157
16199 10.534992209051623
16213 8.92709131038512
16222 3.5281051708601283
16224 4.688598682558952
16226 2.236681081154189
16259 3.115808493884639
16265 8.956410391173321
16272 10.775127038283351
16273 2.9770621697988484
16297 6.374940504670535
16317 4.46678566750182
16321 9.341175679592881
16323 6.309084356508022
16324 2.6341832975246895
16361 4.114169974789052
16388 2.330728991251622
16392 11.439297315550062
16394 1.3744130497243616
16399 0.5908580329067095
16414 2.370399555584631
16419 5.6642244441579175
16423 5.249116565660067
16432 4.08162320105177
16435 6.420141332289076
16436 7.609964190962147
16437 7.1162321169028475
16441 4.845566248771736
16459 5.108140378191398
16460 3.6694492054585175
16471 5.090739967244898
16478 3.8136504564128675
16481 0.9092032429576296
16505 7.632678051286977
16511 2.187103364348048
16519 11.729538967004741
16529 6.226418013154995
16563 5.2098640551915345
16579 5.335063787814814
16580 6.791519975359895
16583 3.8577794670664667
16596 1.0286154110634267
16597 6.65763892022465
16603 5.2212972750554165
16611 1.7876102494659103
16631 11.568419225664952
16635 7.7752076883647065
16655 10.142643050768816
16657 5.979841576575382
16676 0.5669049439248283
16679 0.6549457699989433
16691 4.36707271770585
16692 5.555916785611001
16694 6.429508492438233
16701 9.097949693907255
16712 3.580872049421648
16725 0.0219735768206895
16730 5.372053763253726
16754 3.9084720980695056
16774 3.2284038408325557
16778 0.1562628198430317
16779 2.4825144167961155
16783 2.949732633413429
16785 4.1742968801730935
16794 11.155681413110992
16809 8.806260342075241
16811 6.083742512705316
16815 0.2500096917845023
16820 10.041594720100694
16835 0.09765931141931615
16836 3.2973943635927645
16838 9.207801306330015
16840 6.606016176998254
16848 7.7148119720319235
16851 6.0100029986656445
16852 3.8271829563127087
16865 0.2029900143447821
16867 5.954486759617834
16895 0.4286913993428399
16898 6.745306033676396
16900 5.886220951739597
16904 4.881906858917023
16906 3.2844252902160855
16908 5.153850278105182
16921 7.082349269084011
16925 4.640342060080902
16932 9.478225129737247
16943 2.7984179408395153
16964 2.3651579981562545
16966 0.9988108774849259
16968 2.4577011712695827
16969 1.8696037877391434
16975 4.025133299896516
16978 1.0018516176931835
16981 0.5733758925891205
16983 8.342108138544294
16985 2.7721556423251466
16993 3.948118773606433
17007 5.116561984951434
17012 7.169422382820223
17021 5.108653858083551
17029 7.446584215110524
17045 2.453415763125263
17051 6.534495266092938
17084 6.74287674309337
17090 0.0
17093 1.7915561170781036
17107 5.239720259662726
17124 7.961270202815341
17131 4.850657791997034
17136 7.090593036200739
17139 4.890045629330952
17145 0.993887441765327
17157 0.8356418273007172
17165 5.121557981066983
17169 4.904220929356018
17182 4.588962496777184
17184 1.813510175485026
17185 0.6025489449516983
17192 5.209969308202228
17201 4.5522317735781845
17203 2.9823769861457547
17204 2.4948857204197075
17207 4.210004079871329
17215 7.213458735318571
17220 8.185725865694963
17225 1.0003318591021777
17226 1.9662516388378874
17229 6.237308281127036
17234 9.07073506658045
17235 2.478669882463734
17238 7.825559676710916
17244 3.676713932009485
17251 7.186778999466918
17261 3.981720952186168
17263 4.882110768756087
17264 2.9949038561540693
17265 1.7491954983405582
17267 5.112786390578063
17270 6.97872444348991
17306 5.109100887153893
17321 11.577443387781459
17330 2.1730870361816605
17334 5.147776817955561
17335 11.520708332786908
17341 8.93050720976175
17355 5.3590083383272535
17357 5.934147693175961
17358 1.2842057562203932
17361 3.7305235345093304
17362 5.127651293504816
17369 0.911433227389297
17377 8.813821354485587
17378 5.06744254767853
17380 3.6196941827777187
17398 3.03685678363196
17411 1.2511756366634512
17434 1.9724595556991071
17436 2.4862716019038986
17447 5.627930763884931
17449 6.417169773621156
17461 1.8810877675804034
17470 1.4461379037452176
17471 11.412897496902808
17472 5.308437183458445
17473 0.7717481318188913
17476 6.240120323563412
17484 3.012424243385095
17509 7.989157537148676
17516 4.935120607573845
17522 6.727275319923148
17524 5.140840305246199
17531 4.392929352548444
17548 4.189380759786777
17556 3.9198790808299253
17562 3.883110683091326
17565 3.277508469406151
17571 5.544771774631391
17584 4.074457027364204
17587 5.599271602026404
17601 7.111815155382738
17602 3.969422720615309
17606 0.8863364127157422
17610 5.247763018016315
17618 5.468064563777337
17624 4.114267678212417
17625 7.084142526747756
17635 2.435647114560289
17653 5.310203400731948
17659 6.090783542155263
17680 1.906566241577202
17684 7.8506198340251006
17699 4.736243458948628
17716 5.230481141713623
17721 4.555192762208088
17726 11.149423185809125
17731 9.883185140859235
17738 1.5328881756470303
17748 11.302206218326821
17759 5.3852875265154205
17766 6.213232181813913
17768 10.035976009440985
17772 6.943900009823047
17773 4.653443131874749
17776 2.692984342592327
17781 2.3357893801343406
17785 4.100972456390654
17789 6.010736268386865
17801 2.5366187875203687
17806 4.234034510809636
17812 3.7465550056342005
17828 9.671361478542847
17836 4.775270876244246
17839 1.3068338889725957
17847 5.9746983670996805
17854 6.211875843137381
17858 1.7081519099411921
17861 5.89155833056536
17862 3.0414905053066073
17874 5.603928134758792
17875 2.710260193478885
17884 10.645835411390408
17888 11.299618533211344
17891 5.952656751146118
17893 2.52029430470642
17905 4.825418209971127
17907 6.140985551346878
17919 0.826653547885014
17922 6.787396122497657
17932 9.160269804550358
17935 5.587464251987724
17948 6.892001898038917
17951 5.820430816931584
17965 4.496851211717244
17986 0.9494795710412991
17999 0.6223042919300408
18000 9.787933457092123
18009 0.47711552931734813
18013 7.08735302405217
18020 3.7272551341918185
18026 6.202284975515634
18028 0.7262622539452881
18029 3.9261823697375724
18035 8.961071522540063
18036 8.566964100917946
18044 5.263191439626045
18049 5.4260846545898564
18057 10.85427336684523
18058 6.07329304236973
18077 7.095007041237763
18081 6.259936216824373
18083 1.8287033746990402
18090 2.3339994388094354
18092 3.0596743360357848
18095 11.762412460233149
18100 11.69606371179462
18116 9.886271601140507
18120 4.4102592456268255
18124 6.134403312741816
18130 2.485747970378488
18132 4.069301417850587
18136 0.7892717776762437
18142 3.5100357216555254
18149 2.249556481256643
18156 1.5295713437839327
18172 6.527678165009031
18180 5.34366392225564
18203 2.5288475258542507
18209 2.222038860743533
18214 0.6837688461445756
18218 0.01134466271536889
18220 2.4225498125710128
18221 5.128689514371592
18230 3.9141113618109515
18235 6.378700726738961
18240 11.404654250751438
18251 11.327885262344317
18262 3.8314085973583945
18263 2.419762476058795
18271 5.111676005920393
18291 1.4362454288860316
18294 3.090988479518572
18327 1.163953282294979
18332 6.2156502096423605
18333 4.933670519563931
18336 6.041076808181477
18345 4.807088496167531
18357 6.939588657616783
18373 8.037339719772582
18374 5.118769081943382
18377 9.249704946423126
18379 1.2878295235062394
18386 4.69714263481613
18405 3.0648792469285477
18418 3.4803633454374876
18425 6.784260923444101
18433 0.738139462140208
18449 8.771383650370357
18453 0.24471674954748873
18456 1.8091632210002664
18458 10.696423645436969
18460 5.935445863588312
18480 1.7369899933572583
18492 3.859323126344156
18507 11.408757552765376
18510 2.03059681127
18511 11.12650746555978
18531 9.017444959018787
18532 3.0074479520489
18534 8.764889312490773
18541 3.3163152608024666
18573 4.95488731369205
18576 4.716480766478408
18584 4.848494827101493
18587 1.2581321669641188
18589 4.900241202711466
18591 4.154064278926844
18592 2.3679850619459213
18608 5.3033446514792315
18616 3.910167760443234
18624 2.9161891995406286
18625 2.7862412032388395
18660 7.245194293243052
18663 5.328467685677731
18665 0.6433754657302959
18671 6.025449327393641
18672 4.105382850917909
18675 7.144106904425503
18709 5.619584381845163
18710 6.019697594025653
18713 2.25597982662484
18715 1.8440790802904716
18721 7.0462623382817355
18727 6.001439348254079
18755 3.988898921645106
18768 6.231225180755487
18774 4.026193225536663
18812 7.195868188349476
18815 5.212445487144568
18818 7.236160822421975
18838 1.1773691077791844
18841 7.269244614980132
18849 8.972454528658677
18856 0.7244803744978598
18858 5.570385404789321
18861 8.54691382002161
18862 2.4025442193050193
18867 10.27106170748075
18870 2.9261730367081973
18881 1.5968457606013897
18885 6.800937840975326
18895 5.115617381132492
18917 3.736787215539445
18921 2.7031354728132517
18929 6.870567403473365
18938 10.21858376703271
18939 3.573127899470843
18941 2.9428758567682696
18943 11.766318785012903
18953 4.677652087304434
18959 6.81130106115219
18968 5.655903317717184
18988 5.939524419432251
18996 4.816206875891044
19001 7.141168867706215
19002 0.5869959173636529
19019 9.318717290189806
19023 1.7300939206866999
19025 3.9435307371735746
19028 3.889274270570464
19031 3.6464804585805894
19032 4.70537051219889
19036 0.348790769641066
19042 0.9497686254856835
19043 2.6771061641582046
19058 8.886924563845946
19060 6.386696405786124
19076 1.733454209731643
19081 6.092016655053243
19088 3.996782324837958
19090 6.90726304861059
19099 11.562923936981111
19102 4.034476349191164
19106 9.81613781059788
19110 6.524129702971539
19111 3.049091029889909
19118 3.001556976669461
19129 5.7914867515604085
19130 2.5120067657030134
19146 2.3275937634765334
19148 4.371163366661984
19149 4.240201424441865
19150 6.815883300739967
19196 5.5047524611645535
19197 6.205256152737261
19206 1.407083639771076
19232 6.311018253121915
19237 5.1152167554206915
19238 6.375427907813737
19242 6.012065781218303
19253 6.2216040754695365
19259 1.9490622345914557
19262 1.8174067957268392
19286 0.43826026218290726
19292 2.7708381237052047
19300 5.3566209022542015
19308 0.5570733280194224
19341 0.6251218248485251
19342 8.122392739653025
19357 0.9162256368358425
19370 4.82167446606798
19375 0.5796938345186875
19387 5.10950185635539
19400 5.91234263795233
19402 4.301702361491623
19415 0.688976189002889
19443 5.052409941325952
19445 2.816893786157224
19464 1.7112465238797807
19467 2.0080859607133
19475 4.010158122589997
19481 6.705557142080894
19491 2.6473743714362508
19504 1.4256456825633927
19510 10.581512057360243
19544 9.061440993476529
19551 2.0205262430901505
19560 4.16158095469286
19563 6.516762828238949
19581 4.459207467914578
19603 6.605562051682691
19616 3.0264002819038085
19617 7.0811153778763165
19627 2.714098414928853
19632 9.02463845575233
19635 10.709523062556007
19648 2.7616814133575427
19651 2.849529137725701
19656 2.30585296962505
19663 5.232681515575989
19664 0.03021316963249141
19668 3.295940456298136
19681 3.9393827367412246
19703 0.6425130158208012
19704 5.734967142442379
19719 1.3384665356762222
19722 2.497314652131869
19733 2.657460327612624
19744 8.749785135798549
19763 4.844134491680642
19782 8.329797446456789
19790 1.038906105369891
19792 6.902216983808562
19797 0.35555584982494276
19801 2.602837127540606
19802 5.124570707566993
19803 2.4144374861779947
19808 6.014710062265895
19811 10.68836053147987
19814 7.226802707775006
19821 10.295486369687048
19826 4.052983624859837
19832 5.238357046195978
19846 1.0367602166481438
19849 2.440092570027584
19850 8.984973015124835
19855 4.059284967023163
19868 2.4523006155457194
19872 6.879238517309662
19881 0.6148010995552524
19889 5.110049500199979
19903 3.0162441023838977
19908 7.063837673813098
19923 6.8012252914123295
19933 2.730246071845736
19941 5.116772293423601
19951 6.453693012828997
19959 3.2904537917194516
19962 0.5416534576126135
19963 7.877407174616877
19966 7.092772309389694
19969 3.1583738348131893
19980 4.012399710655075
19982 3.2914423198431075
20006 5.770811540539571
20018 5.828690562793498
20024 5.5616420780678215
20034 4.744916227433958
20039 5.848124654530489
20049 4.092640171386821
20056 7.60524914012986
20057 10.559792641298797
20078 1.3255061458452142
20092 4.831414906587608
20096 5.362967871925726
20108 4.585710166822796
20117 6.902084539391317
20119 2.2801905284434274
20129 3.7864259886815836
20143 6.6943859362933695
20144 5.269454928496064
20145 6.781041093258068
20160 4.8718651246027225
20172 0.5789962193948777
20186 7.260320988533632
20191 2.3740936334817513
20205 1.8618927490700037
20218 8.109489704437808
20219 2.260379574780847
20223 3.54596791063353
20234 5.1014450641064615
20238 7.101331726269546
20239 4.68115936061524
20245 7.783582979051792
20246 5.250569727482439
20250 4.176663327167414
20275 3.1764315019197142
20284 5.062633953868878
20294 3.051442872081508
20295 1.6824359347504156
20309 3.203270513654245
20311 6.973340512555575
20324 3.404905639500883
20330 4.676345046612517
20331 4.700878103647319
20341 5.050587383679986
20345 3.891744886366911
20346 2.549454528835137
20347 5.9285059445456705
20358 1.3105321406944135
20361 2.3941923087723276
20380 2.6809193007126373
20396 11.398523781349661
20400 5.1931948387080915
20403 4.280448506099094
20404 8.220427219625517
20415 6.003853146607353
20419 10.574724992088923
20442 6.175335506027669
20443 5.221887364548962
20447 5.997612514388212
20457 0.8182109945294181
20462 6.47138317631205
20464 3.6938946910702666
20473 6.049184823076531
20486 0.5910619324011468
20515 4.413812158389482
20523 6.207136991838363
20525 6.038906394580414
20528 5.089549421943048
20536 3.838186088247888
20537 5.341811602137268
20542 11.720155461382085
20556 2.438028906924888
20566 5.9852197750481375
20571 5.279007556608365
20608 3.279117602408712
20609 3.3619517306334505
20615 1.3202071435945268
20629 2.179914396013333
20631 3.7676459423246906
20639 0.44091625483536157
20650 1.3493317936814628
20657 5.080987993807168
20665 10.844650251991888
20670 3.6238690903841326
20671 4.039519506035679
20675 1.248029395932043
20687 3.789905704206479
20691 5.3883987846834085
20692 2.418019671881126
20696 7.595902569933273
20704 6.841253994698562
20713 5.701150293462455
20714 4.075654889241027
20716 0.03393648721359063
20720 2.594858102381506
20726 6.174233901044823
20727 5.338441248119255
20728 4.579613607716975
20738 7.458775430712769
20747 6.3213949361056265
20768 4.049928215718511
20769 5.340116079474547
20774 11.435190652845902
20792 7.148743960649029
20793 11.139461242956882
20797 6.032364828793676
20822 3.3530932632670005
20827 5.263089675776366
20837 1.0109743414236467
20849 3.9665851057468147
20851 7.807489142425101
20860 7.010214641326317
20864 9.117417572222168
20866 3.8846828207090294
20899 5.055970635487824
20940 3.9812281202622763
20954 3.3919751330893577
20958 3.680754775500387
20961 1.3962395461890986
20964 4.051287932313433
20972 4.346840055958658
20984 3.918498055227894
20999 0.7512981562520968
21007 2.3068176484690586
21008 0.00909547318651124
21011 5.0772887167699485
21016 6.759537419761884
21028 5.946817771444312
21064 8.343524482791853
21071 3.6533663225769257
21084 5.459702978751186
21093 5.659393438505072
21094 1.586755302904355
21099 11.372609179200024
21108 1.6217631963147654
21116 11.764380335147122
21121 7.14762950018876
21133 3.815827603293966
21135 4.611161950550397
21148 4.015112416029986
21150 5.681724784165233
21151 4.826475793556015
21156 3.850969556367976
21159 5.390933077898347
21170 4.667555495177387
21183 1.3900916537275732
21185 2.6275481377374703
21189 7.3557748148991
21190 2.0807694521908
21191 2.6724168200186575
21194 5.177673863954709
21197 5.113556500289519
21205 4.068436727009947
21209 0.9895885906464731
21220 3.9597961025884896
21241 9.028609452001621
21249 4.060558351986122
21259 5.98190158889611
21260 4.306125141308145
21264 5.816584481159815
21277 2.5790082998509423
21281 3.310158200648359
21289 10.657345611182373
21290 9.325042146118617
21299 11.795732530922553
21300 2.853680076983459
21303 5.216717668530777
21319 1.5724906254371822
21324 9.0474329048448
21332 5.652145840770376
21336 2.442402432970542
21340 0.14104069513380724
21343 0.012928685323063776
21345 1.963142733878508
21355 5.379714854475138
21356 2.4474925195296118
21365 5.0928495819800546
21366 10.481682461014053
21380 2.428050458166672
21384 5.043626154678634
21389 6.690123679279146
21391 3.5594854575932593
21396 7.38755940610022
21402 4.687173355571831
21403 4.892731252487491
21412 8.744664555243
21420 8.085800287573349
21433 2.175502022363958
21440 11.175022938046096
21445 1.6977349047837849
21456 7.979916052012233
21463 3.9641407489177576
21469 7.296075802158901
21483 10.648894864005301
21486 6.92447010514839
21497 6.698964484031411
21498 2.359476210271306
21515 9.061208640654609
21519 2.855707596729901
21526 6.033131382745991
21528 0.8208394563110295
21532 5.896042714826929
21533 4.117696248576606
21534 3.974475191785177
21537 7.843646499937992
21538 4.882454154564959
21542 3.642446785491405
21562 3.877701671820922
21564 11.321194924628612
21574 5.033131421130555
21592 6.222585506547807
21596 6.16935832398335
21613 8.680251579587322
21616 3.827192170587806
21626 4.355875457049011
21650 2.880396483404427
21651 11.394933888932874
21654 6.561823812979606
21657 8.102056052329138
21662 3.7109703997653756
21678 9.08621488095329
21691 0.5928894478411558
21694 7.404894323690118
21697 10.68456964194207
21701 3.048707897461872
21702 7.087967195732013
21725 5.453766986834393
21733 8.050481712017513
21762 3.2522054404479013
21763 2.241669708076495
21778 0.481446059566252
21779 6.474992381092912
21780 8.343985824148058
21784 7.114267898047047
21824 2.9702103536773885
21830 3.976309516819601
21845 5.064695943978905
21846 2.6941335291618875
21854 1.5486673893171314
21862 0.9454721401333979
21875 1.7062432434207861
21877 3.5569488080556617
21881 4.86339292201666
21884 2.285157425313636
21886 4.784668027558939
21890 0.5802275872125441
21894 11.297046445378252
21905 1.7573012172496052
21908 5.223200492479068
21912 9.461796874733091
21920 2.9563976452723497
21921 4.97849438412325
21934 5.243041503380078
21956 11.73376139931965
21967 1.016852424556726
21971 6.05826297923373
21974 1.0571976512651142
21984 2.455365466499005
21987 6.641463706836816
21999 4.400024428595364
22010 1.1710650114485344
22028 3.8857307382278616
22038 5.622267553711407
22051 3.5335300291631353
22068 1.8195569794467386
22079 5.6931418898134165
22102 6.632564633347171
22104 10.254006090374517
22122 2.990698831119418
22131 8.174704065505416
22133 3.3864469179029553
22136 6.826639392844786
22137 5.372449057731104
22149 8.272820448889323
22150 0.015139282247349872
22152 0.5586726798950674
22172 9.441949486445061
22192 3.146017171686566
22208 4.633947819379138
22212 2.44995443584003
22224 4.11148117815971
22231 0.48934446749146043
22235 3.5515275009416323
22258 5.179658946416029
22270 4.121975190425814
22272 2.131351944305391
22277 1.4309964331169032
22278 6.631198757023085
22286 0.7029484922909448
22308 0.5965339230398841
22357 4.104973326189487
22376 5.464438978839656
22379 5.583988718039356
22390 4.440978678931391
22418 5.5297076658169075
22421 0.7145085933343008
22427 8.319476124222511
22434 5.64814640805936
22443 1.0334864854290278
22450 2.625068442918974
22453 4.072381891373567
22462 2.0500667861713984
22465 2.361532644731594
22466 3.885022342505551
22471 5.369438465990472
22479 5.491693295428967
22490 2.5805314394509327
22493 2.837209513245189
22499 2.4659623544556735
22500 5.7251934293124895
22518 9.65763081416537
22536 0.4493081072555464
22540 0.8295061937391245
22555 4.1311613007066414
22564 6.12796463458264
22578 1.825726847538306
22596 7.278404550505008
22598 1.3197290129937946
22617 5.5503267639976634
22624 3.5851924227212404
22628 9.007196341767116
22633 3.6843928896004012
22639 5.543763301493624
22643 4.009930649985872
22655 10.262566547697725
22657 3.9474390572875264
22672 3.6322220410607815
22681 6.3307770964973535
22688 5.043230633159624
22701 4.809148159540756
22714 4.101786930061676
22715 8.663038295030963
22725 5.912627513541903
22735 1.983480717609447
22757 5.606746655609375
22760 6.7957011873251885
22766 5.902971191031484
22781 11.12210672246479
22784 3.5775202725095956
22788 0.4554648983122939
22816 1.8472313855354998
22821 4.078681792645841
22836 3.689202062102008
22837 0.5514779501815945
22838 2.036841127553088
22840 3.8233988315433494
22864 6.831157102990634
22867 11.064292706039137
22868 0.8771749882283507
22873 2.4435343581164815
22877 3.6805607949856767
22879 8.731659006484307
22881 5.564579275323183
22900 6.189383081644518
22906 3.931981429354009
22908 0.8826069355955499
22930 3.8386805050601156
22935 11.459193505552053
22937 8.159802310378028
22945 0.0445558122615277
22949 1.1546436779744893
22960 8.671518795353863
22965 5.8367255072449185
22979 4.170490368422758
22989 4.593942568292552
23006 2.471558559525463
23008 1.729500050290656
23012 6.014605874423032
23015 0.8672494453639339
23044 0.2606031227159177
23054 5.48583241856276
23060 0.9932453640992174
23062 3.0005155006872117
23063 4.869009253416219
23070 7.282853922655853
23071 2.1944393609088015
23095 4.787168667660356
23104 2.0423844950860603
23108 10.640611615862943
23115 6.017535407082871
23137 6.919590159418498
23142 6.044990514730795
23146 2.7172506133477925
23161 11.430439873777807
23165 5.816991531136372
23175 6.483727705889738
23186 5.559671234358102
23205 3.9714131318904773
23217 11.475611561875438
23222 7.4721769736237285
23231 5.500461981597312
23238 1.1715015621114433
23245 1.8504107519239843
23246 4.706026030016339
23256 4.3773458141109955
23257 0.7288368410727296
23269 5.438496151577794
23271 5.0170326096364475
23273 3.3566540692662206
23274 4.266843293324744
23277 4.272923103148084
23311 6.424785366604835
23316 6.021345181808943
23326 5.931998062566726
23331 4.027437699807248
23347 2.821894537361397
23353 7.08940975260679
23385 5.992774550756337
23386 4.321327415102964
23396 1.3459171182801246
23413 3.0204778525435394
23414 5.579758382065187
23417 4.108244748786133
23426 3.0435874978328976
23434 2.6204282816121864
23437 5.071179230756133
23438 5.873501261852341
23450 2.418940623317793
23466 5.510124160669873
23476 6.52139067936062
23482 7.251714338341809
23505 5.408951552778925
23507 5.115277277121399
23511 3.875149802093157
23533 4.351608166386173
23540 2.8264547519947874
23554 0.5976147232494613
23560 3.840559874743349
23569 5.8334237371775615
23593 11.449005547599542
23596 4.163405360179008
23600 7.970241786547086
23603 1.7706167371443369
23604 4.197438118027156
23615 8.08000615960121
23618 2.9179561986150757
23626 8.027220367677703
23631 3.824408389335416
23644 6.537858481767906
23650 2.789784911780184
23653 4.027308248514232
23658 3.1054179846290477
23662 0.8182450131929613
23679 0.6602931381645335
23686 1.7129540577305513
23688 4.815592548810482
23690 8.162543939976889
23693 6.505306712270285
23696 3.914213741946708
23698 9.245352452369518
23711 1.8541627154685476
23716 10.705093883710001
23723 3.0438340696880415
23726 6.646727298528898
23764 2.5451398582437297
23769 9.032554997804416
23774 10.737911739658323
23783 7.455009004866805
23784 2.537460758055888
23790 4.866071311515574
23791 6.147804537468222
23801 6.751623779366496
23805 1.370966134413379
23806 2.300124333035396
23814 5.1792003253254375
23821 0.14641390030827311
23830 6.000246298086323
23837 2.5294831798123796
23874 10.506646618489247
23875 6.645475650823948
23879 11.712293346665767
23904 3.1168178964437527
23910 7.098867819725789
23911 3.045339139274187
23912 10.49532363803185
23921 2.7675624246096953
23923 9.835820136460569
23931 10.05554027416941
23933 0.9431495567151722
23946 5.672883484019019
23955 6.65465484596938
23965 5.650605421350768
23968 6.9167996973440005
24008 4.485848067299204
24012 5.642093499527705
24016 1.701745857107444
24034 5.686048086819487
24037 2.3758241550171224
24039 8.352586757576562
24051 8.149877199472527
24079 2.00407349111548
24114 2.408886968748739
24119 6.028927036268991
24128 8.041557852875254
24131 4.840983359341099
24135 7.334331246909298
24141 5.09038896153176
24155 11.553134228862422
24162 9.411955427183957
24165 4.45248218078959
24178 6.796782783323278
24179 4.282907360002274
24197 0.01503659464169846
24215 2.387753709681088
24233 0.5892466920930048
24246 2.5908791199561882
24259 5.129828572135012
24263 6.892628908833059
24264 5.134329308203604
24271 1.1774322187040085
24285 0.5817070782395496
24292 0.600202535788363
24296 5.1459735992053846
24302 8.912366528860156
24305 2.712998200193861
24308 7.247742581629384
24314 11.074345964107597
24319 4.410999205829245
24320 10.373129888270709
24332 5.96915627707914
24333 2.7662198217816822
24334 1.5990349967027173
24350 11.18193311321516
24353 5.398916147667669
24358 3.1366945661723427
24359 8.097385107450005
24361 4.10845124433595
24367 4.486350918777607
24374 8.660731121926881
24376 5.563691725472548
24383 9.114057107319864
24386 10.499322999164105
24394 10.40450915220713
24403 7.656708760000115
24411 0.25276891345176405
24413 5.231768577820222
24416 4.0972246643163315
24421 6.476185310338491
24423 6.8860066676943426
24426 8.02844634200528
24428 5.476584468780743
24434 5.213011442174175
24440 3.7939227476354818
24460 4.966867654202001
24488 3.999517750861811
24492 5.5981546491614855
24495 1.2279786942311879
24516 6.8818152721902335
24560 2.0292329341527098
24561 8.844842124309418
24569 3.9357213187874502
24570 1.7474284996008758
24572 4.310130417379304
24577 5.108239544658803
24587 0.8156020375101924
24606 10.060056997595535
24610 8.06844083943884
24621 2.418331258533543
24626 11.282157048235264
24641 3.248529605434032
24649 6.589927814767317
24653 8.752373608514398
24660 3.1343149324750064
24667 0.8114271799691658
24691 2.8462860739825535
24709 6.1207043362424205
24712 5.21931931655555
24714 6.5478102332394155
24725 2.4145997341696925
24742 6.071440500101858
24755 6.184106845074335
24756 9.794445193629763
24772 4.76447515472632
24775 5.132208457292483
24778 4.028402273389529
24784 0.5745106490354264
24793 2.5652864812368246
24799 7.472959140651123
24801 0.5756577985638831
24804 4.909715462571555
24814 6.667142087172216
24827 4.128288196720545
24833 3.0731640048423476
24842 4.381188840124674
24854 2.783620291770846
24857 4.079220387112341
24862 2.7507539660121725
24864 0.8099463104074743
24868 0.2817567139170302
24879 10.7315354034642
24885 0.8148342627370266
24888 3.5735033504701716
24898 2.8154654135680675
24916 5.686243938599929
24922 10.821353408481668
24932 4.039321736846681
24944 0.6410773396620536
24981 2.828136491868159
24983 2.3633497260021343
24984 2.462435943523942
24985 5.137735283528033
24993 4.144246406734067
24994 5.233987798040904
25009 2.1679927367634733
25011 0.39042647651920265
25016 6.860750950880307
25019 3.5917887644686592
25021 6.1852377917161085
25027 8.13975564001525
25028 5.465897457115312
25037 6.514098977517657
25043 4.70552557830148
25047 6.042251521609566
25053 5.454878013410895
25056 3.862082664984419
25066 10.651256548487964
25067 11.178504557126935
25083 4.3216868792818675
25091 3.359451648511208
25093 2.873972156973286
25108 5.541234909659875
25114 3.972794905888206
25126 4.710347128305356
25135 9.397500698429893
25143 3.733779122053889
25148 4.216603383493735
25153 6.032951023485167
25162 0.9374200349833963
25171 2.5243191811524848
25172 2.718079562809448
25173 6.690381360218957
25178 6.531101560965104
25189 6.684749323275333
25208 7.112297712196971
25224 3.738045378768602
25235 10.878324769894109
25237 4.693787172544987
25241 5.110992675289646
25243 3.8355117379494996
25248 3.8482162363493364
25262 0.4699955606825353
25270 6.579325042008536
25278 8.823266846657633
25287 5.183765469746009
25297 4.267228707577214
25312 4.8396503182608965
25333 3.1779181499329856
25335 5.110111235142251
25339 7.1838003083661235
25341 3.593998993926871
25344 8.11946126743906
25345 8.101060719103648
25360 0.6058603007396455
25372 0.8329497615721481
25382 2.6802981654526077
25392 0.5848931339447749
25400 10.546400832874658
25405 2.4238770605047524
25416 0.7083250597291673
25420 2.0160858028427806
25430 0.002703334698400024
25432 1.3545292641402094
25437 3.75865586033298
25441 8.170074070688035
25451 1.3281562946664816
25477 3.494895239468661
25485 3.5981592632898174
25492 2.796335498088456
25504 3.3354993921691047
25515 5.840304719546568
25524 6.20134182076548
25536 2.341347605642979
25554 8.569993318525762
25566 1.0239735358580966
25580 2.39974801598696
25585 7.97511706258703
25586 4.89763542452387
25593 8.13685499203528
25602 7.284275512191975
25609 11.112891426828485
25620 2.9358926953809372
25624 8.907756651836637
25638 2.3728130476988354
25652 5.41410577584078
25663 3.387955795926233
25666 2.74352007210491
25677 6.862986904162542
25680 11.544525517206527
25683 5.058726099998281
25688 5.8911571308949915
25693 6.948196267252785
25703 5.246474210369502
25723 4.5164054723302876
25746 5.073249854276121
25748 4.473137655681609
25754 1.2798958960297622
25757 7.8270351797731035
25775 5.9729023747790695
25792 5.408206113330054
25793 1.012226753438145
25794 1.3568666768253754
25809 9.262367738721146
25811 9.288499860249978
25813 4.535030764514644
25814 4.020115774272788
25815 5.299798636752475
25816 5.201387801234139
25820 0.6629162668554335
25830 2.407297255233864
25840 0.3417545930163328
25844 2.676315247572898
25846 0.9511774744242371
25848 5.422298207276032
25850 10.792271029001645
25860 1.0597066727229563
25861 2.422161868719043
25869 7.012011315980785
25870 2.7064571372982678
25872 5.238146768697506
25882 2.9393572324797392
25901 1.021998805468468
25902 8.756260315546955
25905 10.863819679728927
25923 2.7341411929697683
25929 1.2805467801093122
25930 2.1438967712982517
25931 5.5932335781661395
25950 0.6109604498271519
25955 6.205628879834217
25957 5.0588079297240816
25971 6.931273584809787
25975 2.571907954144917
26005 0.6191915442645595
26006 6.203299552410004
26038 1.363574991864516
26046 3.145626555091198
26049 4.246840384653803
26051 6.685908612120484
26077 1.4175337563110597
26086 2.433756993496295
26087 6.628296086418694
26088 6.350699646617843
26111 4.102379939146045
26123 5.261304605223251
26128 4.26122545647853
26133 0.8917977745537105
26144 2.834330141700121
26150 0.8982425403200915
26154 3.9396009465178747
26172 5.205378890922288
26174 2.461369252514643
26177 4.88001387779968
26182 4.043940328918553
26187 2.7908091852528596
26195 7.561273598207205
26215 4.489635004572056
26240 2.2912791596682305
26243 6.55233270192784
26245 9.057641269922918
26246 2.200699183853483
26255 4.068530977550211
26267 2.288233945137394
26278 1.0201774259829266
26283 3.0714241173017047
26292 6.818892737247519
26295 10.031540669314719
26298 6.138201195694643
26301 4.056405340127008
26323 10.723199283671446
26331 4.27482184511776
26333 6.485437469976335
26336 6.899091800691986
26339 6.406864111881231
26342 5.122090462905851
26346 1.2679818937984624
26347 6.38291549799781
26354 9.333083093004284
26362 9.14480182554316
26371 6.057896100805413
26377 3.9555775729178086
26387 10.868654672918494
26389 3.55290997850867
26403 10.279377852496243
26424 7.264921957552188
26427 4.671635480155795
26460 4.469857023854076
26461 0.9136884657937069
26463 2.485553018263163
26464 1.2345979957041875
26471 6.63935498681594
26472 5.6059521962516
26476 8.688783699393326
26490 6.895533145171854
26492 4.318056051063257
26500 8.054391070574455
26527 8.720764770761177
26533 5.48265837766493
26536 4.039020194537895
26545 2.5632912698046213
26550 1.3821896178853548
26576 1.3675004417832448
26584 3.2583666685445505
26585 2.793419534182551
26600 2.929265908076586
26601 4.7272652961842905
26617 1.078505977160148
26642 0.6281066131006492
26649 2.723605342289916
26651 2.5070933974892435
26653 5.412769190313736
26661 9.35287051320338
26667 7.468754670338627
26673 7.833306903332108
26676 8.761564683720287
26677 4.3972124620452755
26687 0.7214773819879405
26696 2.2749343744918793
26698 8.140549008254542
26701 10.051059469298105
26709 7.403404376394242
26715 4.842534608730027
26732 8.576874482000122
26764 2.4665663838107856
26766 5.505602205961444
26768 2.6495656974107007
26803 0.01742101948514526
26816 0.7460485740841775
26824 3.9514463198333414
26843 5.886990136807589
26849 6.243842081661396
26850 4.690548303279945
26858 0.6970807971135775
26861 9.402148470725349
26880 2.7422961102445798
26889 7.571192123126389
26893 1.8947192341191073
26897 6.612259467010958
26913 0.6911860322829987
26919 2.611451447638124
26938 0.45913386993789956
26941 2.707286072737452
26943 5.217199906622023
26949 5.312031409787984
26962 6.637702869692851
26969 11.726329062024178
26980 9.521102026189785
26981 6.694891289003523
26993 1.2933487170155062
26996 4.607975785531018
27000 11.541120564341654
27001 4.105712299946636
27015 7.265535311562891
27026 6.49724795333513
27030 0.47321302795879183
27038 5.78663235419572
27049 3.7979586470822384
27059 6.180468724368304
27071 9.499569207825266
27079 3.7936288522977857
27090 5.450033454616556
27094 0.41312981372179947
27098 4.360121311532662
27103 5.615309342610582
27109 5.118295353944967
27111 0.10032735272729888
27114 5.580301298531468
27134 6.046516265490038
27154 6.660652764406455
27171 4.85753454164561
27173 11.369590939505061
27177 3.922061313369893
27181 5.642678988710013
27185 9.014299067907647
27193 11.75327276018055
27207 3.524900589990214
27212 4.893826276765293
27219 0.8782366688726227
27221 4.384962729174653
27230 3.6233283660321685
27243 11.31473332202795
27246 8.843063707252377
27252 0.7617613359217857
27262 4.903444090337568
27285 6.216751370428764
27289 3.7532726836876615
27310 8.488830795190287
27314 9.897924740111062
27323 4.660767605961972
27334 4.166696666645201
27351 8.227421026401737
27355 0.035983809938451156
27379 4.366839772299789
27380 3.05607398745172
27381 6.595454200110831
27403 3.9572528866360552
27409 8.16738774133052
27412 6.722506988965327
27425 2.882975146067343
27428 3.494906772424147
27429 7.173370885197619
27430 10.664857853665868
27433 11.130898916067114
27451 2.3540361712669218
27453 2.6859572244043086
27455 5.289318396514123
27456 0.7836781050184791
27464 4.806193586808557
27466 5.1123604149114374
27468 6.009742275527222
27475 6.88284919247264
27477 0.7211125917770898
27478 8.817553937800238
27480 7.145846933604631
27492 3.749890093743755
27493 3.222560582984244
27497 2.9628067744756192
27501 2.56822920945692
27506 5.140941585045636
27511 11.513493243361793
27522 3.6730615172822167
27525 10.48675044084643
27528 0.5689797623538935
27537 8.593453235708433
27539 6.495850695565704
27544 11.379262188967797
27549 5.176205051019331
27566 4.06463886216451
27569 1.6754690485212784
27576 3.9283001289332478
27585 5.655831750389524
27597 0.6679141580106659
27601 4.9216752614074
27604 9.31198752862873
27606 8.349521465084509
27614 6.138366017655449
27617 0.8327265485853224
27639 4.769628576877868
27646 4.640752985811509
27653 5.899063100037299
27668 3.3706570869947203
27670 1.3657020816945067
27674 8.03298519145106
27677 2.3134844976059354
27684 6.963887158433754
27694 2.6985926940463307
27696 6.928602547333454
27697 2.4139705845940163
27703 8.062600513080517
27707 11.744730868400502
27711 5.86687803075134
27715 1.0519010558315136
27724 2.997528711396857
27725 0.1974543390162636
27752 10.873499722479178
27767 4.137639008521967
27776 9.304778460375712
27787 5.0803239793313
27788 8.849803289871684
27792 3.0021958714495223
27813 4.646547373513262
27815 3.0366515104419074
27821 5.253056193687805
27823 0.20728967951307958
27825 0.7569311225031029
27835 5.99993220858894
27841 6.157140319530664
27853 0.6041943789811368
27867 3.9526415539941477
27873 2.375815009429247
27890 9.510348740396262
27892 6.748225595030736
27896 4.66541532842222
27899 1.6969982261148775
27911 4.208127693978785
27916 9.139336177620764
27917 7.639546918380595
27925 3.1249102091097094
27928 2.3429539264229042
27930 9.488811618127395
27957 1.3999673935807593
27961 3.5694010493600845
27962 4.007194340319304
27971 9.103050393769909
27976 5.347703163900338
27989 8.810085041064225
27990 9.12413330131468
27995 4.06461823858782
28013 5.469297140274305
28019 3.389109704608201
28026 2.206708721729901
28047 4.48197293785693
28053 1.563675033858355
28082 7.4904235358815745
28090 4.015547659720027
28092 5.36682724392328
28096 8.738126631208754
28097 2.5557212376192378
28109 7.157612678749644
28115 3.676430443438408
28122 4.476642606618797
28149 9.120770162205496
28162 2.0849459601413747
28184 5.291367680093472
28185 5.123284808657263
28193 6.305063691524534
28204 3.078945162087721
28205 2.546804708210721
28206 6.983409987443018
28208 2.692796538667806
28223 6.764067659724032
28230 3.379012281826938
28237 9.664558701550602
28239 6.044943622697447
28241 6.847357854241842
28250 11.7041696868398
28254 2.8819417209806337
28265 11.164098988227636
28266 5.375799171869016
28267 5.271263385905955
28275 9.557728534254824
28278 3.3730277432981985
28279 5.209277598724496
28284 6.2499846727828885
28285 3.8562465916896485
28303 4.956308426488864
28326 5.499286607025055
28328 5.222578464261634
28330 5.111464262835763
28332 1.9391553189655486
28349 2.968843075607078
28362 8.295882091710471
28363 5.722511588605283
28374 2.1641934583004314
28383 7.085413207513089
28388 7.147512437628639
28389 4.134198800738825
28391 2.5861845358332545
28405 6.889194303783572
28409 10.152829110124157
28412 4.674409774240358
28424 5.984057396409076
28425 10.616559596741306
28433 0.2973604560754526
28434 1.3569403330065628
28435 3.4848327367165117
28437 9.270321650844902
28439 4.560222716351359
28443 6.410796553720903
28454 3.995653472203684
28458 7.577892079536874
28459 1.9699403011519887
28465 5.5125936553076045
28470 7.598437772893146
28495 5.147429589175498
28502 7.993589620352713
28504 5.781221729925513
28506 9.020645679605119
28516 5.977510127864568
28525 1.054727724013461
28527 3.504160416461597
28528 4.092701978149666
28543 6.729624516081217
28552 4.7351301397464125
28554 5.522796712369918
28563 8.802450811907603
28570 5.484523183941223
28571 0.49621959642183466
28576 2.3619032597473164
28579 2.7301952087976007
28582 5.556183040087786
28592 4.543898988533497
28603 0.24864363243540927
28606 5.045513003426887
28611 2.5816689542744764
28616 9.225440719847779
28642 4.531120296850099
28644 11.317956672604716
28652 5.120437017243058
28658 4.125567147800492
28660 7.120115329253111
28665 7.322990350551952
28685 3.8648516705015554
28703 7.165470851446965
28724 5.602496683501908
28729 8.774814482757094
28731 3.080302487942904
28738 4.000444570009182
28743 3.026825359930423
28748 3.8675425442307896
28749 3.7163037919806228
28751 0.696952157240849
28754 9.8605492912855
28763 6.035504207720656
28765 4.863443274513272
28776 2.8156210281104777
28790 3.2342741028585285
28821 3.853661384627427
28827 6.018801436018748
28830 6.166302271776935
28848 11.443465593356906
28852 6.9145161470172445
28862 10.981757220456627
28864 0.6582010152115988
28868 2.392325232697761
28876 5.517374941974476
28878 1.0259522743237346
28882 3.84515367084704
28898 4.913104700607312
28909 11.391350146202914
28927 3.02407192797485
28934 1.7800404071792169
28942 2.4531930654230165
28946 4.802288366508495
28956 10.601898563441539
28971 1.6650307495184298
28973 4.831050290761853
28974 0.9900267470116255
28984 2.4477637801597876
28985 1.2412811870213765
29008 6.154008409215191
29017 0.12820374952791297
29020 4.0884975068634635
29046 0.5136079972482145
29047 0.4834780589609581
29058 8.744522208229926
29059 9.534716336412625
29072 0.8008646249502825
29077 1.8377620614263948
29078 3.853757779378492
29081 10.32598079792697
29082 8.784634150629302
29088 3.4131340120247056
29090 7.984683510454174
29093 11.559843022310048
29098 6.13237734571548
29108 3.5818130171983427
29111 7.625900872189432
29125 4.854638763113283
29127 5.69434883017298
29148 3.851034023167773
29156 6.234354051551197
29181 0.9857206209444495
29192 4.126164209536663
29196 7.12020427554344
29199 7.692656521955295
29200 8.758298009801813
29224 5.797951788862748
29225 9.653284781631571
29228 0.6454513125764997
29237 4.355946380496679
29254 5.973992020035755
29274 3.8509659640562774
29291 0.8405910234015853
29299 8.01998175361973
29329 9.18743061111322
29335 2.2466093881255054
29343 5.273675105106828
29345 6.77578774484903
29360 10.116717122762136
29362 4.8733199249767125
29373 1.6609686781145931
29378 6.774691396140357
29390 0.9963839857740705
29399 3.1188652247957767
29403 4.474795420288102
29409 1.6836006518015778
29414 2.959836589872916
29438 1.6933519325595192
29461 3.7714335553016927
29462 2.6543190284237985
29474 2.8357362691289936
29476 7.203040770947882
29478 5.845620491884765
29480 5.1302869276871785
29492 4.377735842388932
29498 4.7152431487079465
29513 3.8887517538583887
29527 5.382055212477758
29528 8.05851691454488
29544 6.730266131839125
29547 8.990987057833076
29557 4.073853498412661
29559 2.5083834139130756
29561 0.9265922043947358
29579 2.4333354133991487
29582 2.8429909482886355
29592 2.560532703556009
29623 1.1592408654556339
29643 5.082914609926751
29653 1.7408349842372577
29658 6.458389605473109
29668 2.118686097990434
29677 7.128509374914306
29678 2.8249980128494707
29694 1.5620820355541
29696 5.662765463223395
29702 11.291423831304293
29704 2.3689895740994267
