18235
12 1.8668780774108877
27 4.274921649206756
49 5.839959318177383
59 7.65254920734023
76 2.5654119560330346
87 1.6863768697883421
88 4.638916900918791
93 9.690502034623906
96 6.823469222806925
98 1.3071477841224362
99 1.28953258312934
107 5.12649922934579
108 9.619093540296095
111 7.309046933354456
122 7.832039546224748
125 4.018173577030536
127 1.6057576327166285
134 6.2078393527597875
145 5.769810110821394
148 12.891312135189857
149 2.5285651372496694
153 12.84911274060971
197 5.330430560146205
216 10.556675316794188
218 10.722478600986216
221 4.152194140652403
224 1.928607879392847
240 2.29458229441005
249 7.6098793744808715
255 7.640270824726544
270 5.145356499295604
279 4.046359205999369
287 6.773384687876476
288 4.0318141499319
309 2.4576034470000185
314 6.53805949210345
318 1.8607385037167652
321 4.027184095977638
328 1.3216062356604694
334 13.003628980876092
345 4.266919376978693
347 4.290441941640307
348 9.831083517819698
353 2.579975435675936
357 4.385599454253768
371 6.5989385083069765
372 5.41802772792189
376 2.3949130190312795
385 4.097792707669789
406 8.611281307913437
414 6.890069184531686
424 13.118224581296575
436 5.370030233026339
440 2.7032315568056333
448 2.1852393169617903
453 4.389221581626212
468 0.8465593853440654
480 2.251019440731403
511 4.367533871447191
525 11.772736145970622
535 6.545360406853104
537 5.773346318195755
538 11.40258907866385
552 2.542933322970375
564 5.039461549632987
569 7.023038624520151
578 4.166964807057905
584 5.044856095647922
596 5.645167753329726
606 8.66367086781703
609 4.4531085199070555
611 0.9753783227679793
618 0.8268076296739347
621 6.589943252170014
623 13.052274933198229
630 0.3009639983153564
637 8.849522762465678
639 4.055455619100133
643 1.2828954850296852
644 12.122789618231891
653 0.05852549310151675
654 0.41855743173109006
675 2.9960250689686565
679 5.069221108761914E-4
692 6.38707566841424
694 0.05459433129301689
709 0.007093253737437844
710 5.8319265976830055
714 5.585373359521745
715 5.66642677494281
720 1.9530543667748763
736 1.2754962609776792
749 1.48284742761816
752 10.708087553577009
755 12.84448730050565
777 3.8796829106314243
779 8.702664890459715
785 2.814625232478149
793 6.986592008592033
803 4.066104647969341
807 4.4849203867042755
822 2.9158363348677243
823 7.246929868054313
825 10.823635447219974
842 2.355283977857776
847 4.7639633343300165
860 8.178466124260783
861 5.9442919059126975
881 2.6303161893304448
886 0.015766720880091546
909 1.8211335334356682
912 5.324924869007973
929 3.3648432580463803
950 1.058932244507763
953 4.041661612013599
958 6.420764513392523
962 4.665151450145656
965 9.814961753586827
966 2.6459338182863714
974 5.7118624548805705
978 2.8541649192859047
991 1.150631873101325
999 2.5947181762718814
1007 6.966405357745648
1013 12.010740161706993
1031 1.2198975178001918
1033 0.382370753502531
1037 1.1515431234091658
1048 1.7439784526978497
1058 3.4857871314447593
1060 6.585949457944814
1066 5.455938959292431
1074 2.045050369333424
1082 9.775984270754076
1085 4.112623006373176
1105 7.284034757032714
1109 9.868767021501414
1113 6.601341984583239
1123 1.3430972826137295
1125 0.4167552466141189
1138 0.39100439578366175
1139 11.870916117391944
1150 1.9498303200864686
1173 10.586317695388733
1178 1.9121353714807232
1185 0.2169382274710695
1188 5.795744665886848
1192 7.54601183477627
1207 9.314686060611088
1214 12.463071338743951
1220 3.793992778453695
1223 5.790968590099944
1231 4.301714783637619
1234 1.526551345005477
1238 6.837525678695152
1242 6.771515985473213
1254 7.753350405984232
1274 0.29623106107352787
1277 4.349140838347015
1281 11.440894215844292
1283 6.574824256349843
1289 9.56290375158767
1290 10.15738116223825
1293 4.152501297998435
1296 4.111134979827614
1297 0.759934487429955
1301 6.39850545609802
1305 1.6237081138560674
1317 4.562425404782769
1319 2.5742220467528925
1332 12.576288216773223
1333 0.4883543294906151
1336 1.5914078142627452
1354 0.4203712480456844
1365 4.480337668775714
1368 9.019524877014051
1372 8.660396727819734
1379 1.279597626274462
1383 6.38095279509984
1385 5.36451456402361
1390 5.30397551469252
1392 5.255261078651533
1401 4.537828305535155
1406 4.457555056668887
1410 5.6620956152498145
1417 2.3513095926373833
1420 4.056627387516942
1433 3.733714346838556
1436 4.104295362314741
1438 4.034931896261413
1441 4.1308375823952534
1449 6.803403064723386
1454 3.552695874661312
1459 5.396874403938459
1462 7.950045502501478
1463 4.546970795630072
1467 5.7297019570907395
1481 0.023946909001165917
1482 0.0198206377438742
1498 5.106198619332848
1500 1.297672582816353
1508 6.956441577885596
1513 11.193505729864981
1521 12.775244295862635
1526 4.127103696438612
1527 4.151839575237264
1536 1.1043593928411808
1539 4.199532387841035
1540 1.865609865507091
1547 5.250524361488664
1551 1.5794496099392805
1572 5.986531844896053
1576 11.036199786455162
1583 13.496911210909412
1586 6.872253345138728
1590 6.4596843060393025
1593 0.7928850726517473
1603 1.0222273172884706
1609 8.335091813969813
1629 13.235264868251804
1637 4.130215768297731
1639 7.930204403485742
1645 8.019331647007036
1650 7.259086823861004
1651 13.42634205617284
1652 12.85809901980372
1662 11.102166488076929
1664 13.465268854609361
1680 4.211052910383203
1682 4.425421578014887
1746 7.084154450213733
1761 7.623320084189583
1768 0.6799643758711303
1772 4.14644357607554
1774 4.7813201956687
1787 0.3554727075591603
1796 5.777244088987351
1809 0.5488620505905701
1820 5.37444292954944
1824 4.51243810051794
1837 7.4411674376618615
1847 5.574788215819305
1864 0.6671101364526333
1867 13.133729442793623
1869 6.185299273171712
1873 7.414377063700934
1876 3.5743923925744303
1884 10.716582880145047
1892 9.328416987677167
1910 7.763357714857591
1912 5.718474214339132
1914 1.275255971750518
1920 3.7555987417685306
1929 4.204371249111051
1936 3.173159591505071
1962 4.4666199456070075
1971 2.3764933895248865
1972 12.262308500201348
1982 6.215494865530415
2007 1.3033796630180805
2032 6.618668940666629
2036 0.7832721874034225
2056 4.293805761987188
2072 0.4726695572411127
2077 10.714083352812816
2082 1.9435329620719801
2083 8.878188932967756
2086 1.2960204115800171
2087 4.594804767466868
2089 3.9303350577862703
2090 1.5531696301437732
2096 1.6551521756562522
2104 0.7312459916621077
2119 2.4603569458553194
2131 5.273371824065018
2132 5.379843565088184
2133 1.4913720959610697
2135 13.030788472154905
2137 1.1536241676384797
2142 7.958985520863694
2151 7.385549009009643
2152 6.8930178367122235
2154 13.100624854057042
2164 4.171280787410673
2169 1.182603686683429
2189 7.370680816519961
2195 5.859878256743174
2200 3.510918670884989
2201 4.013785287650128
2210 5.77004186549382
2214 4.448691786435932
2217 4.780604440876532
2221 4.813231662462506
2222 9.727593405840462
2226 9.803411522233986
2228 10.1354846485046
2243 4.16153354146018
2270 1.6324889154449231
2283 1.2402688643627364
2296 4.929528141496806
2297 5.0785962523489845
2300 1.1452296172729226
2304 4.123617020414102
2308 1.922181815032125
2315 3.5937011921860216
2320 11.422714416200913
2336 10.51065548043223
2338 11.620980694512468
2356 7.040650603757632
2361 11.532585208452401
2367 12.866768902337627
2374 0.15774444482416033
2377 9.762259605041123
2395 4.0382855079914615
2400 6.13580656706974
2401 1.943180751704574
2402 0.7882695868324325
2406 4.240161807610862
2426 8.39635383090961
2431 4.149460284646692
2434 1.0933263970177458
2441 0.6897064311906278
2444 2.6354374030594028
2448 1.046933811745129
2450 7.282129819139691
2452 6.192488257660859
2453 6.846532903373776
2458 7.600991211538234
2476 4.787583521078165
2482 13.114490122028208
2495 1.6925689370021124
2496 5.720520007472032
2498 4.258520023488832
2512 3.7415704023078407
2517 0.6745815167854924
2535 2.7322002521766646
2537 2.5349862341520897
2538 0.02971559671841637
2541 3.74846463503255
2546 0.7383455000545177
2551 1.216190265186639
2553 2.5616035041555096
2555 2.742847871326751
2557 9.826475287304127
2571 4.171622057732788
2574 6.836549174877066
2583 8.183117968921831
2587 6.792101848586787
2592 9.307872016968656
2594 7.297389214951887
2599 3.490490424726399
2603 2.4163719021132417
2606 6.4621687882189605
2612 6.402949300354439
2629 3.42217749630072
2638 10.78535739918948
2640 7.633383814072376
2643 6.779208873352763
2653 5.389570560546122
2654 5.658767691194935
2661 1.3012905098222811
2665 3.9735372472572354
2666 10.288533005574838
2673 4.134596381915061
2683 1.6457056320233856
2689 10.834291712632494
2696 9.167179836611243
2702 2.340135136878042
2703 3.4739224676632006
2707 4.175781546857326
2712 2.31618509801293
2717 10.3249470451886
2718 4.053404318730652
2724 13.474808115346136
2733 6.8345703201534285
2748 1.0635442071337322
2751 4.444303481969727
2755 10.222876162716585
2757 5.6470218627267625
2789 9.207571964004156
2794 3.0733353545945077
2802 5.046987903382185
2814 3.5444740734718017
2825 6.779503227572385
2842 2.237496035810497
2851 0.5697057403973774
2852 6.8951369391396735
2854 4.461211855791439
2857 8.600111903489262
2858 5.2833829198554705
2864 9.699463315263932
2870 2.2427061782121194
2887 1.1278782786927597
2923 8.913361883822404
2924 4.077298217121506
2930 10.97046663739587
2932 0.46927401085290077
2933 6.397855127583265
2935 12.298628827152077
2940 10.502884479752383
2959 4.289960537463996
2962 0.5290204414090053
2963 10.271363378322345
2966 9.709474793794305
2969 4.172739623481932
2972 0.8610730199886932
2973 2.4004095870422058
2977 0.16802328527642002
2991 5.0420494832206275
2996 4.148171058713243
3005 6.955660805879752
3007 5.757873675267406
3012 5.09208672856622
3017 5.992626093954066
3020 11.537552801158766
3030 1.9190958267774594
3037 8.939198210189266
3040 3.710732890570368
3042 4.814855870116965
3045 1.185231440500041
3051 10.441979347859702
3052 0.3255530403237836
3061 2.7963539918753675
3072 10.719161584131834
3081 3.7424271838141694
3100 2.3085881188140562
3116 6.835187201669007
3119 4.074737349930514
3125 4.429486284715223
3139 7.086740839234577
3142 2.5976297468591407
3154 8.094476279517792
3157 11.552915750692817
3169 1.668454337671083
3170 10.310086952470842
3171 9.45530945353077
3175 4.067685040059204
3177 6.571104385734211
3180 2.0739039691761247
3193 5.313024793944678
3195 6.818707715272334
3201 4.179801508479702
3203 6.782720296296596
3209 8.140352358836363
3210 4.502927773511455
3226 10.752109570045613
3229 12.018880444107651
3234 1.3186322693149002
3252 1.695483059264687
3262 13.283390898339778
3269 1.6681466971485475
3275 4.123267884906894
3279 6.4122491502186465
3294 9.956317517288806
3297 6.788482050997234
3298 2.764800219578945
3300 6.816829605085223
3305 6.341907347173924
3313 9.753779413308715
3321 3.4658468569741094
3324 3.734539147269405
3354 5.291654489905525
3358 3.9972156559903453
3367 8.994770601514185
3390 6.781751689754182
3393 4.052092000538186
3397 2.8136772480434433
3404 5.342235034257158
3408 5.565831125866193
3419 13.010333773533848
3420 1.266482173651221
3422 5.671083678457055
3435 4.929812821332234
3436 2.4016181853331844
3450 4.114723455247532
3459 8.89150216784511
3465 6.120749709178345
3470 4.2469186897598545
3478 0.5426126394154266
3483 6.835692086400358
3489 13.185540866520803
3538 5.6776745971130165
3547 4.154156848209148
3549 6.608846423256653
3559 6.851190858761652
3560 1.9963333846840057
3564 6.957015768167505
3574 1.0810825895826204
3577 8.645131482373523
3582 13.29010992610402
3587 4.497795092591264
3589 9.853646347008349
3592 4.081568212924969
3593 4.080350306184782
3594 3.148482851776009
3596 5.73699330818729
3598 7.750947681370241
3632 6.783787026778549
3634 4.488733526283022
3651 8.250388786427179
3652 10.828300648464898
3671 1.0651457786610234
3673 5.219530402118972
3679 11.562716076243897
3694 0.8246296331090528
3697 4.109290248721394
3702 6.53353817976824
3703 5.445351301425629
3708 1.2509993874963794
3710 0.4226980801503723
3712 8.434095312933739
3716 4.038652972650461
3723 1.1024848796486766
3725 3.418928445761422
3727 0.08323466009059016
3731 4.322008689160787
3740 3.0915416274940815
3742 0.8404618494567963
3745 5.334323714512858
3762 4.129349578520816
3763 5.932102532748151
3785 5.149075736494115
3789 1.5347202272861906
3795 10.564251819190652
3796 8.037722763985633
3809 2.7552085843745715
3814 6.837817896368448
3826 8.97755675716314
3832 7.6909649658201324
3848 11.289733243582035
3852 3.2301304210006374
3855 10.35161810203208
3858 1.6502019250301667
3861 6.363387166486493
3867 5.843879656583546
3874 6.83682349419411
3875 5.964951740361815
3894 7.746653012250322
3896 1.5856855711009032
3899 0.6567056792863258
3908 4.7537233186768555
3909 0.9607980154814361
3921 1.0171085031841207
3928 4.136802190090605
3933 1.2838890031241161
3943 2.1061833617846237
3948 4.100563864048778
3976 5.3538070656841485
3980 8.328929042268383
3982 4.1441148246688355
3983 0.9637146692498678
3985 2.6385748942850955
3988 5.7319390212466805
3989 5.267675034059447
3994 1.2737471940224796
3999 2.543955480328766
4001 7.6821535629018936
4003 12.25420205789816
4011 4.057376658868916
4036 4.124576836191177
4037 1.9755478697786404
4040 1.1705775043709203
4042 4.042981597861405
4048 0.4564903900098042
4088 1.1633411223174022
4099 0.11765753963921409
4105 6.805369366478884
4110 0.2088731075455534
4125 1.3125958624747218
4133 0.036847518499112365
4134 5.844827936594127
4138 3.40264490183389
4144 4.480311491606214
4147 4.479752477491607
4150 5.675562198556374
4162 10.519306491988155
4165 5.130753077455404
4167 4.051009674675959
4170 1.6115190570922684
4176 1.4704423763858396
4177 3.0802706179808226
4202 1.7459959346309626
4206 2.8806692087576167
4207 1.823804988094467
4208 7.714651175924854
4213 4.842194863676966
4214 1.192372594409357
4219 1.9874521200421842
4239 6.359229656961047
4252 1.0661069971819523
4261 2.5679539362103503
4262 4.613867432668742
4287 4.983870454389849
4290 5.086323072445438
4310 10.09668335370041
4313 1.7005652484419147
4314 3.667615472216285
4326 1.56634595923224
4329 6.275679201550679
4345 12.887077489294894
4348 0.43475933263118166
4357 5.022858708105763
4364 9.068461192739022
4365 4.127442214149956
4366 1.2706303304761475
4368 4.431415755738533
4382 5.2633922845196235
4383 0.7323227316297967
4394 0.38887983490163
4396 2.3868492912752344
4397 3.754590469139743
4403 4.089506536171495
4410 4.407055982272447
4415 1.0721224086893544
4416 8.213511282509955
4424 0.699810999843624
4425 5.702567644287965
4436 4.475361103811746
4441 8.530683212955287
4454 0.717349944045388
4456 7.739931249444571
4463 6.831619642685357
4466 8.650260643914471
4476 7.900570808372417
4483 3.924590577393121
4490 3.5260710914826783
4499 4.764447214644831
4501 5.77425720776054
4513 5.643263411435974
4526 0.4950671239378973
4537 1.2723065067327899
4539 11.253050588644086
4545 2.2553513553965394
4547 4.078484635950856
4553 3.866642560564371
4573 5.661864663762428
4574 5.4122488814844925
4576 10.541740311374635
4580 11.547794919874827
4581 7.11349465323426
4582 6.59230438439604
4587 12.274944861573628
4598 7.904949289923164
4606 2.6720645011476982
4611 5.788574458689948
4621 5.554855938292163
4628 10.77528949898361
4630 4.042420658758698
4645 4.54404000948923
4648 3.6395480105369824
4652 6.560084391498731
4657 5.781042271663742
4681 2.625711980085972
4687 8.16248585234631
4698 2.8940245725153755
4705 11.049920449547779
4707 13.24744162394083
4717 2.3119496411658598
4728 1.1242210408245876
4730 2.1949321590964397
4734 6.552497558608785
4737 6.113341383781304
4740 5.534429260154914
4746 1.3446736389971348
4751 4.0106755761299215
4755 7.649509120458787
4757 9.392388165109487
4767 2.7767132113796356
4768 2.269567758335406
4787 0.6962622268610579
4790 3.9620344670562417
4796 13.456567168499745
4818 2.3968977615306017
4821 1.0247462868355062
4827 3.9322517289138177
4829 4.0597075719842115
4838 0.4275684629160427
4843 4.164928024104318
4860 9.085676630216803
4867 1.310036948128648
4870 4.393537489982467
4876 13.049048062593739
4880 1.4614814954678326
4881 4.08381016723287
4900 3.593757850044657
4906 1.283563823755156
4910 6.572627232599356
4914 2.355644875513465
4918 2.6088574576171877
4923 5.284997133618988
4924 3.4920999933903527
4928 7.106570877154145
4939 2.28155607383852
4957 6.431637452836695
4966 4.019486927887058
4980 3.192049380691342
4987 7.280149476847918
4992 10.118786886175293
5010 7.44684386041013
5018 13.10366815249856
5021 1.2128110588746266
5029 8.127550699277387
5044 2.258496983141133
5049 9.438617065225358
5055 3.3913382198771345
5060 2.6590693751073826
5061 6.620928501592799
5075 0.44037553630981563
5077 1.4801436721965469
5089 3.2046244919781395
5094 4.549755573413844
5096 7.687024410391197
5108 2.085608501708718
5110 4.185521825398741
5111 2.7317006581271985
5114 3.5385415553510704
5132 5.998517735582218
5138 3.4476520620036797
5155 0.34826057185890336
5162 1.3298493302438135
5166 6.805308784245673
5173 12.371925497431022
5174 4.85596325190414
5176 4.775599800791029
5179 4.163974731204414
5189 2.709663845618091
5193 13.022630425968329
5205 0.14283563370232957
5208 2.293782164026042
5219 5.158896994887011
5224 4.14415284642656
5227 4.07158967483384
5230 0.013169334711226853
5283 2.678932336320194
5286 6.571899994772319
5288 4.160978301048344
5296 7.207968803605477
5304 3.2250615249292185
5310 12.571462619323555
5312 1.2903774373841645
5325 4.980623502812031
5327 4.3353454329142345
5328 4.8066253250883175
5330 5.415250500358766
5378 6.720824324272133
5380 4.01315927185854
5387 6.828083691334601
5398 10.845221121533232
5402 4.770679746507358
5405 0.45970280670323665
5407 10.952166573179408
5408 10.870282945595296
5411 5.807674529601709
5420 1.9576013751971713
5427 4.690627170984522
5430 7.26735198902025
5448 1.832442839800847
5451 4.182566374166389
5466 5.007502381220788
5470 7.7226608251879085
5481 1.2845259261080728
5493 6.822410406055315
5501 6.506328993735512
5529 2.3569664001677286
5536 10.692855750551596
5541 2.251819620439216
5544 0.039647136607741426
5549 2.154944294030016
5562 4.154200130136136
5563 12.800890781173576
5579 2.7117377260979803
5580 0.08773155424556395
5597 0.9782411723141725
5612 10.675991043349562
5617 1.7291638523712103
5622 12.392495330999264
5627 1.7513445629122368
5628 11.416157045070175
5670 9.321497869493092
5671 7.286021705845488
5676 0.5774866413222123
5677 0.16163787441308422
5679 5.766705059261484
5680 0.7792904319808723
5687 8.2067342920371
5696 6.409848800680762
5717 4.411065769534419
5721 5.622084606111207
5733 6.932110863314616
5739 9.138133456459775
5748 4.635070901609105
5752 5.709556781158376
5754 2.2326992288264775
5765 5.382583338358826
5769 1.3659453066571932
5777 4.1038238854706535
5791 1.3697051485243286
5799 1.2100859473901637
5805 4.124849339726041
5806 3.8709827938941896
5808 6.80750293613289
5822 2.4687760836979455
5831 2.6568555190971512
5846 10.244108802298681
5861 1.2875443451517203
5874 0.2743948726552961
5879 2.0945553380394237
5893 11.128839237434981
5910 1.3231747284197506
5922 6.79717177971085
5926 10.377358620796205
5955 0.11219018954078831
5958 1.5163643528008202
5992 2.056523126354045
5993 0.03537296784513596
5994 6.242264613876719
6008 3.662562201751351
6012 6.366472644354677
6017 0.2470875219800895
6018 6.286371613444977
6028 1.7298440888223827
6034 1.7235301605162252
6035 11.272012158803882
6052 0.06529703972672692
6057 12.899137167004257
6062 8.775468411327179
6067 3.110604355839657
6072 0.12210333172771858
6079 10.496238626001324
6088 1.2677456204236037
6090 4.345080105961768
6098 4.400118138867269
6102 9.809168174851694
6103 8.144732481950864
6108 3.053126310766198
6111 6.903728268657018
6130 1.2059691097286138
6134 2.5898996517257022
6145 7.144982242604447
6148 6.2837183522726905
6160 8.827126536978477
6177 9.787749877055827
6186 3.6796034486612186
6189 3.848870684132506
6192 2.481889259997236
6210 1.4169536764089359
6223 8.965966920286046
6269 6.108059720012271
6270 5.210282822000314
6276 0.40715469393218834
6279 4.893647296476554
6285 7.222700453721613
6288 7.392190785630041
6298 5.690154160103245
6306 6.906633077888067
6315 4.164372834263832
6316 10.426833917185675
6339 2.061834346839665
6346 4.6690337844106455
6349 1.2455783361622539
6354 5.787280509801742
6366 9.362566377831877
6374 3.888185977810862
6375 2.2480661960211634
6380 0.8155148003685788
6381 3.062437288296459
6382 4.178406698554154
6389 1.5403970465261647
6399 0.29474072705092136
6403 0.2278802011251278
6411 10.905889965677648
6430 3.649835071147416
6447 3.9003302519132808
6448 7.693037748887879
6468 4.706866010044095
6488 5.303510953219094
6508 6.145821101509427
6510 4.129054602835674
6514 0.4979554218244019
6516 6.570942071739689
6519 4.530892673505469
6528 9.573162473778678
6536 1.621207598081989
6537 2.6228993853186995
6539 1.720841224882135
6544 1.9071042112822898
6545 9.220439523349553
6554 5.839879710217156
6558 7.603444031888588
6578 4.242841674234246
6579 2.7911013738057058
6593 0.7808470087512611
6610 5.209067232715976
6619 2.7183331048391217
6640 4.1260610322753175
6645 8.15398198449352
6665 0.9059202039385996
6677 1.7126589202254676
6685 4.352401560316277
6702 8.869262793176395
6703 2.442086624419902
6708 2.6766411556521064
6711 6.875011368358495
6717 0.661701036414818
6720 10.526616357731186
6721 6.5570636522665575
6722 12.929843765941687
6727 5.772783379966335
6734 4.8919498261571475
6738 0.7234633536399059
6774 3.658017418805802
6775 5.609670423991378
6785 1.9272449300327599
6786 9.189428451636621
6790 5.812607319182679
6801 5.668431854593036
6816 10.16153438518791
6821 9.820749987191238
6822 9.180694049240511
6827 4.146970547755451
6832 4.816577054452965
6834 12.805877008720266
6835 1.9631542559145014
6839 0.9108524728217007
6852 9.375091188103678
6853 6.160860047327001
6861 5.171803027263654
6864 5.401644098890278
6866 1.1420041095780333
6867 6.103242508523665
6875 1.2084782864363457
6878 1.6265966341474942
6881 5.450633940932206
6888 3.312463493080129
6893 10.534085772206664
6907 1.467270200513091
6917 2.7744777182641083
6926 4.445551316808258
6933 1.295843575448619
6937 10.530341452100304
6938 0.5384652546742263
6942 6.404985208987773
6959 2.302555131475893
6967 6.807053904009001
6974 11.567340398121651
6985 12.407758341551869
6986 0.9201576780137968
7014 0.8518561560150654
7015 4.900394958612492
7047 6.4365122822605185
7052 11.60512546123458
7062 11.324184850056838
7073 0.7568465878993776
7076 6.7930006119077
7084 4.237441431784083
7088 7.6797193465338704
7089 7.073627061615371
7099 8.882610213082076
7119 8.403073667793908
7122 5.377068068896429
7125 2.5783076744224065
7144 1.1361707862117074
7150 7.989272390897503
7151 0.9728520944259279
7163 0.8493299807978507
7164 5.90253968403582
7165 9.973205222531881
7166 4.544120764087411
7169 6.7452394907174575
7171 4.642054511178695
7189 6.899410444290696
7191 5.754685857955079
7203 3.3713336984927262
7211 3.6410335842149317
7213 4.679240631591494
7219 4.489448584349172
7232 1.3981304827750065
7243 0.21364350813051977
7246 12.782914678529009
7249 6.797652354886991
7250 7.33944127327046
7259 5.600535464294813
7272 1.9687547539669508
7277 1.354961715955621
7295 5.1770279804897
7318 5.287547333651837
7320 4.216957693376445
7334 7.009929544962133
7346 1.7180403968488578
7349 9.342080137464759
7359 1.947573637675522
7361 6.880074440117096
7376 0.3888809214194969
7386 3.0746932472766617
7406 5.381831517909981
7413 7.426993145413445
7416 6.950517933821161
7427 3.7608382096843487
7435 4.555824289872206
7438 4.870817673369638
7442 3.7181713887206427
7447 9.94932469787587
7448 5.726891681110832
7459 1.734718435890116
7464 0.5336782234999251
7467 1.8692646335098935
7468 5.671247021687764
7474 6.8330695252044125
7482 4.134737388982315
7489 1.5870871242330158
7494 0.5425284404121626
7503 3.7689592394503655
7525 4.129443236043119
7526 1.3289923423144636
7537 4.740250443112695
7548 0.23426568362066227
7552 12.445575654082752
7560 0.8308363717056558
7577 2.8997604247097164
7578 0.3308990503486022
7580 13.243419374593216
7590 4.699660324106955
7604 4.737115342472749
7624 0.7342787242225317
7635 7.333198183802547
7639 4.2156476457591205
7644 0.28123986238287385
7648 13.38325512756454
7654 8.85354700171708
7662 9.89146868699996
7664 5.25782041999942
7666 0.5554125946086576
7669 3.430978360216441
7670 11.078227952818372
7674 6.587732129304888
7686 4.879114065903013
7688 6.864228486775781
7694 0.7372538967001143
7706 7.730602738217637
7710 0.5587682269270691
7721 5.9406741342497575
7726 2.516817383918806
7739 7.9782185822995615
7741 8.985530088931611
7746 2.620452514741294
7753 5.027960409614369
7770 8.534813829219711
7788 3.5236972324016156
7791 3.0438738372400582
7795 10.240009195851345
7810 4.101971321915884
7821 2.245939815912288
7831 0.011838174640726739
7842 4.297598976076843
7845 4.313521022845544
7853 10.748854922517175
7870 2.0162052197666904
7886 5.6853070143493385
7895 4.070187622815309
7906 4.376932469044089
7908 8.321809135250765
7911 2.242969970344395
7918 3.6289758823495593
7950 4.0852734863364235
7961 2.5898528424727423
7969 0.2674550443638899
7979 3.7395137549969877
7980 1.675700562756501
7991 3.161544695049803
8002 0.43852323011105016
8011 0.031200999839701274
8015 7.301432399307621
8022 4.219994093878045
8027 10.78212640597992
8035 4.52069543104091
8045 6.360771854374327
8048 4.9929557082135245
8053 8.131724473673172
8061 13.274803111568486
8063 12.126894028933219
8067 4.9550247462051065
8079 4.283429792740232
8086 11.791404693527308
8092 0.1398810334046549
8104 2.8992407142384087
8118 0.18320841578884325
8120 4.078532001416944
8128 5.010017509271883
8131 1.1434436027300101
8135 2.6950053031876875
8144 1.1971707140012802
8155 4.158845326553064
8158 4.2824157059475345
8163 8.741369695037882
8184 0.7531136471950051
8191 6.909836348019726
8215 5.870277194384766
8217 4.0748178937372055
8219 2.713649608458824
8238 5.014937070777608
8241 6.817072786010585
8245 2.4426151359630226
8249 5.959546276304686
8250 1.9854095821863145
8262 0.3733143660571937
8269 4.098899619033157
8274 4.915541363925384
8276 2.3926995879324053
8277 10.884091970990307
8278 6.5937533053843405
8279 6.799002243097593
8280 1.2138097709813274
8288 13.254360189777548
8293 7.215644985842809
8310 6.404232301637485
8316 2.998930952606499
8323 1.954655877611053
8324 2.3321791659689874
8329 4.084079194886654
8338 1.3823880250225316
8348 4.439982871378949
8349 8.369009221447596
8361 6.53299977083601
8367 1.9322576823245903
8370 6.407533062245433
8380 4.166353422687482
8401 3.469967121406244
8403 6.85411822328779
8412 5.813448638254671
8422 5.293277661235378
8429 0.7492702146156919
8435 0.7744557240334282
8437 6.795777333041715
8438 9.293953277236383
8441 0.95972164993996
8442 10.139046940677748
8443 4.996936750981462
8451 10.15370094577855
8458 10.662411745796442
8465 4.416543345240021
8466 2.7385086027681633
8472 0.7130033464179624
8486 2.099508258575293
8523 12.202582488647527
8528 5.716441393359283
8529 6.842640294160094
8545 1.1095685034072609
8549 12.134539413702045
8554 10.248124341859604
8559 9.624692986221811
8568 11.851672819687334
8571 4.750410492726561
8578 6.991064898753989
8581 3.2667694591055287
8592 7.089948090295703
8601 1.4349111414457938
8603 10.314031407407125
8609 2.9656102949773753
8610 4.040369783044989
8612 3.5706166528858994
8619 10.48634042899543
8627 0.6644995968242557
8634 7.163039538492943
8653 5.358934649815728
8663 4.710603843172842
8685 5.4966428214435625
8688 4.937468415827521
8693 6.682861304624312
8694 9.152398246282912
8695 4.056519591112424
8705 0.7023613706996885
8712 1.8005885423925962
8715 4.126224934502863
8738 7.078856862784958
8744 5.760247030624542
8748 4.26417631999824
8750 2.649870682951178
8752 3.7722164315658864
8754 6.995844273267323
8763 1.113646009595517
8768 6.791033161493991
8770 11.949462546526401
8777 2.603730095405784
8779 9.176444531185806
8783 0.75275347834433
8786 3.566832814409385
8789 3.5013776204827183
8798 5.643006513942448
8802 4.848623425698679
8812 5.764278729843704
8816 3.2142884755856582
8819 4.080274556863909
8821 0.8173051039898531
8839 1.7159032508078886
8856 8.526499075060524
8860 5.753507647339341
8868 4.480302175756264
8872 12.459412147661977
8879 4.420736473143959
8883 6.771520126666925
8886 5.406367528813031
8887 5.874747302768481
8901 6.780962751539572
8912 2.4461785805368477
8914 9.723046125214946
8917 0.20683497667051037
8922 11.576057077892772
8925 4.808282023259828
8930 2.36080810559407
8942 8.355382689847582
8952 6.5622670567357755
8969 4.809941106088213
8971 10.560455004535877
8974 12.057198486248641
8977 3.006055530734445
8979 4.075578221457736
8980 11.592000945317626
8982 0.777761209929155
8983 5.688851425874136
8984 3.43224357374329
8989 4.167833570352043
8996 8.389657110214948
8997 6.519118163361834
9005 0.8424808153050914
9016 5.085122520855389
9019 1.5581706949353094
9033 7.451984299083246
9035 4.188684448535474
9041 11.064488732358097
9042 4.373767935804904
9052 1.096695222130994
9053 4.509825122643038
9054 3.6019508425853233
9062 5.731467513788235
9069 6.819002395759103
9071 1.417100619498128
9072 4.142242973965936
9073 0.39901227250757054
9101 8.515627246200992
9102 0.27019438562147874
9106 11.35323777508275
9108 7.936959867657542
9110 9.91463734636965
9120 5.825798148101056
9121 5.806994686385781
9131 9.848506796866713
9135 1.0295621548319451
9144 8.901116201159475
9163 6.646314586330966
9181 7.712034960924603
9183 2.8722192280198424
9198 4.1232360275105275
9203 10.23310714886348
9206 4.177514859695018
9217 3.153539433656981
9229 0.4533595481874471
9239 4.166292863018098
9263 4.493268581951054
9265 3.888748730354739
9290 4.228879988202199
9298 1.0858679806524723
9325 4.989589324134683
9333 0.5457647751807926
9344 9.05321259582194
9352 3.652488458498478
9367 1.5778206698691981
9369 8.49093190460287
9377 1.1311337613698487
9380 7.914902458748705
9397 2.874586193188986
9403 2.750280324222379
9405 2.2694777765899437
9406 4.690550587420318
9428 0.8650359983611078
9446 4.175252182386433
9455 8.419877230765495
9477 5.659715951196134
9479 0.9364222815596562
9480 0.5490174098645677
9483 7.273785907537072
9489 8.55628421118369
9492 0.7260120380903653
9493 5.356226667899302
9494 9.908210044931058
9500 1.2607530871578068
9501 13.121130325755434
9511 1.1611176786856163
9514 2.373822677861402
9517 9.744870852419519
9522 12.870956164001013
9524 4.407160278129636
9527 6.211697793211539
9549 1.3359956227648142
9556 5.2800160638142195
9559 3.217002809768266
9570 0.9427389250529781
9571 6.4149127469831475
9580 0.6721521241834494
9597 1.222018327823227
9614 6.824282163577542
9616 6.933815926217492
9628 6.527656904441297
9633 4.0517285007080694
9636 0.0438116344302687
9640 0.02323438016803815
9646 1.236884298194164
9653 6.588685525282964
9657 13.434413612132897
9659 0.7080520779234656
9665 6.838098758198459
9667 6.848427784333035
9674 5.601308364551135
9676 6.355105163604964
9685 10.10300492574963
9702 0.9153695269775476
9705 1.0331835418793955
9714 0.424976153185217
9717 6.389798846930844
9722 0.186522124509849
9733 3.7468231924683826
9740 4.175508328291631
9755 3.175032498022979
9773 8.673006232078286
9776 1.1194707529746841
9783 8.56077982099268
9790 5.122291021955315
9791 0.8356108184343297
9821 2.65135121060744
9832 7.093197633815501
9836 7.695016884957264
9839 0.2070116655679275
9840 6.4167391208619895
9842 5.757140191811004
9864 7.110030228138635
9883 2.2072046725426357
9888 2.34925861662284
9890 8.173014198824333
9891 5.50633362027624
9892 4.217964925260123
9895 0.4760752870952068
9898 6.858348220855087
9915 5.672263013306463
9930 1.8875218757018004
9933 5.976725773634918
9936 1.3728417480812234
9949 6.821115768813353
9956 4.585497444827779
9957 8.592939918457708
9965 6.426810979177577
9971 4.218912052441744
9975 4.652075151267554
9978 4.733826636889993
9979 2.34589537010928
10004 11.782432926381254
10014 4.2639669770163255
10019 5.837464458508854
10040 4.249838068012511
10041 1.266565548938359
10042 2.5175400130907715
10044 4.760689378468135
10048 5.092223995430375
10051 2.624510473243171
10054 6.616126442878947
10061 0.7611096406955254
10066 11.388882125932888
10074 2.772283192961223
10078 5.54140089656468
10083 5.24729678905924
10096 1.280504756628881
10100 8.894978286461026
10107 5.149583533401423
10109 0.7831536003117897
10114 4.169102526373887
10125 2.2350681651513398
10138 1.1724699414421487
10145 3.4616362895971218
10152 4.144179044579986
10163 11.409389212005888
10166 1.7412134633157372
10168 4.063900962522408
10170 1.2030890219623844
10200 4.9354735981486755
10205 2.4373379278757965
10218 4.792784214272492
10219 12.707168627081488
10226 5.299656699592384
10230 3.916197443227562
10233 3.3237009709073226
10246 5.57073122137305
10253 6.563044484548687
10260 7.096493962158229
10266 4.1181115708114655
10288 12.403894895239668
10290 11.542581219850156
10314 3.013599209106669
10320 2.6731540397559344
10325 11.138255812309692
10338 4.17109013653546
10345 6.8252229114665015
10347 9.147488347209698
10349 0.18503462162166578
10351 7.204333162095085
10389 5.56541794892135
10401 12.080652921803708
10405 3.597851446422439
10407 4.9878840580939245
10415 4.185622601830312
10416 2.376289264493958
10421 5.573479600450879
10424 6.692555824117045
10426 0.16503626020363776
10427 5.112003819128403
10430 5.167122858213287
10432 12.923172035753923
10437 5.654669171527517
10438 1.1495124217440118
10445 13.250950156876748
10463 2.574884501663616
10464 7.983774807298817
10469 0.8292987162665365
10473 4.250736024250929
10484 0.5101222368155571
10492 2.9922136035477434
10497 5.360093235259641
10512 1.560750592888749
10542 4.7438506498251165
10555 7.75558537167026
10556 9.433951672109128
10580 0.41109321881093674
10596 2.661563862612031
10604 6.27141806740325
10612 1.2526125465920963
10626 1.5806090240467687
10640 3.5474991297917216
10643 4.072959371604194
10646 0.8127663994763775
10650 3.30208118475624
10652 1.5703126587827603
10654 7.946199849655231
10662 4.3811995048528125
10675 3.8965282137472617
10700 1.8669682113825063
10701 4.040619172479116
10704 9.898962407217864
10742 4.2976388441064985
10744 4.058256628190483
10752 0.02079704608099883
10759 3.5561341875911077
10763 6.901224939491317
10772 4.756532745440395
10779 10.18067885315362
10782 5.555084322077005
10787 4.4622515053716665
10792 0.38672826953175915
10800 10.711450981391645
10807 4.140512497301672
10808 7.643491006756974
10810 2.8429979120699773
10813 3.2992507143045264
10819 4.122087882115911
10826 4.2686628808136255
10843 9.974562581688174
10852 3.2416311441790246
10853 1.6194383274840247
10855 10.768949340641287
10856 1.2580339570773573
10858 0.7700136728210759
10862 0.5522385793512782
10865 7.765864388048072
10876 11.043229201525232
10878 10.981390452806561
10882 6.596333027735426
10888 2.4004975117222767
10891 9.487829405571715
10896 8.675930904562245
10908 8.104412975117384
10910 7.265307571885311
10918 4.355365343619168
10923 1.3054855455974606
10929 7.757764657412572
10941 4.536521733163968
10943 3.520986086555271
10954 6.787172460378511
10957 2.632429604771249
10961 12.186235029775743
10969 4.2345306669451634
10974 0.3758254674686125
10978 2.598958910581404
10980 6.943263730566637
10986 6.786096281406773
10995 1.3897958057725466
11001 8.953203197259565
11007 6.840775464581196
11020 8.657002998183135
11034 2.391422160203034
11039 9.471830092503092
11040 5.731019687577535
11049 7.934232477694577
11058 2.289336827300004
11071 4.527156240169663
11083 0.41418087716409435
11087 2.2809361501711107
11090 6.384149035035636
11098 4.772886570234111
11117 6.790160479137086
11120 0.47932020819085513
11124 11.173450005002074
11133 5.279647186963873
11135 2.504873636594857
11148 0.8206510974612805
11151 0.6766211143692653
11152 2.1274327881245947
11155 4.176030826212032
11161 0.8801179295600995
11163 4.0933463107515395
11166 0.5909103203664142
11172 9.008300145372946
11178 4.195409107196895
11180 2.204303225784648
11181 2.3846877097525456
11197 0.42640098023464423
11214 2.4467922130114603
11218 4.286934568005106
11219 6.830371116581571
11222 0.873058268551764
11231 6.801495950562768
11245 12.281642138495396
11260 0.9723266682366067
11277 4.255717910749332
11290 2.4200495455962168
11291 10.142610365123515
11298 4.659284877187507
11302 0.10223445853471852
11309 4.173741346754863
11315 0.41436062369133897
11334 3.66674776392764
11340 5.7428025001376435
11345 4.240949670367568
11359 0.9686082478734347
11361 6.813389479430229
11362 1.7088140865177772
11365 12.919892072235395
11370 4.8522728549984375
11375 6.367701979733781
11383 5.783947663339147
11390 4.2721496036678905
11398 8.084369590128022
11417 7.655571869700921
11422 2.298092334029102
11429 1.5752057458318198
11446 2.2568853030584615
11455 6.0057559435601595
11456 11.45256802179898
11466 10.537896585321992
11467 7.748917310663211
11485 7.55870408791819
11508 4.124308087851661
11526 4.164814012307883
11533 6.5294559673338535
11538 7.387493610009283
11569 4.997211043124922
11571 4.441630564665336
11577 11.28511583943105
11581 3.4525703258096114
11584 1.7018800373525638
11586 5.461015642819975
11588 1.2843018050806099
11613 1.3763777137371997
11618 5.263266121027805
11623 1.134500842900966
11624 0.2803956862562808
11640 5.825762427616752
11673 3.715033091696122
11675 9.878802959353509
11688 1.5726707196905285
11697 1.7659002445967917
11698 13.15011702648333
11704 9.202946260992224
11705 0.20401594687936525
11707 2.3258687638154854
11710 2.3990845969094554
11721 4.331919491136234
11722 9.718570499998421
11735 1.627266307027128
11743 10.860163565926099
11751 1.0537375663520574
11760 7.393835729434492
11763 0.8062926757624836
11768 6.0466547009052105
11778 7.361913435424991
11787 13.028189143263193
11794 5.352051970631924
11811 0.10310383165128385
11820 5.77133221254003
11823 0.3279070715199686
11828 5.560889371895212
11843 5.537928788798375
11854 7.150247092236373
11910 6.624299239857477
11913 6.521145532111827
11922 4.462068884071435
11923 3.695196948501531
11925 0.8445300441716822
11929 13.110880027534716
11940 1.5608635370794994
11941 11.989753917569637
11968 3.456679948256856
11973 2.6156852955661387
11974 3.970974916074306
11981 0.5078558414468778
11987 12.432195823963312
11994 4.85059288619825
12000 7.383546605831402
12003 3.6045304999222103
12004 6.008304811586323
12006 12.266321298624383
12015 5.088478384642824
12018 1.132842737135898
12029 1.4306027017311238
12030 6.988643070543098
12036 1.6967031066699534
12044 2.5697827208901702
12045 1.5894997955615096
12053 4.225885928673901
12055 2.8867573486299074
12058 8.375870034743858
12059 4.279804878020958
12080 3.012477400149996
12094 4.789131804898295
12097 5.557500485180877
12109 4.74872786663544
12110 7.20020925650905
12114 1.7558465482380514
12117 12.00247738376027
12118 5.7833801158118066
12132 11.231300736918822
12137 2.2218277882091186
12143 4.812539942306692
12158 6.813205564124207
12163 2.149772279309223
12189 4.433891771688203
12192 3.4426311070875473
12199 0.17079581739622318
12202 3.560291617138827
12212 1.242992084386667
12221 0.35787015306717046
12226 5.714159279969916
12246 4.11647591556641
12247 5.637977776555031
12255 5.639594068058225
12260 6.852751162744231
12264 6.2000268314648
12273 3.0124119062644414
12277 12.306093470843612
12287 2.504534906403364
12301 5.11752718859934
12340 5.350548330498145
12348 5.3575795306662535
12349 6.760213643796204
12352 0.17984106559886037
12353 5.322627926426582
12354 7.7378122690693845
12358 0.2879819905907788
12368 5.10100674055903
12372 6.7891157820098496
12407 4.072697913796256
12418 2.2299921801925633
12435 5.330875073230002
12441 10.987046201024725
12458 5.653489475618751
12463 1.6826446505420145
12465 6.478200531014776
12466 4.4495119569850266
12469 10.574861759337159
12477 0.7291938220296631
12481 7.7094462529439145
12486 5.5838744197284935
12490 6.833534945526558
12499 1.4895092483182166
12503 10.742643114337863
12504 7.677186120612577
12509 5.1557734310672885
12518 4.738851368720116
12520 12.415963003694836
12527 0.6901396068463186
12545 3.2671106429441923
12546 1.0196814816815578
12553 6.998249710441063
12566 4.1886660147717905
12579 8.199980450139472
12595 2.968270400795791
12600 0.4854905412588698
12604 5.796879765914474
12606 5.1688435989909705
12612 12.384968047538097
12617 4.144783404571936
12619 0.4296958434605175
12625 6.808809199175196
12640 12.44102865350762
12642 4.267434860060757
12643 0.12312937008720727
12653 8.03327676815473
12674 11.201848309885223
12686 1.7352598908084536
12688 0.9009728993658124
12696 11.266419808992145
12707 4.293834452397643
12708 0.017717349789117084
12712 5.675874201325626
12716 3.515094738862081
12717 5.819735853955608
12720 3.2528290522793726
12721 5.8175034821799745
12727 0.38454721575513456
12731 6.596375047443549
12744 11.633684713594427
12745 6.6186062296041115
12758 4.565485612649437
12769 7.396895756975557
12782 1.8335873876179365
12806 6.856235819326708
12809 6.828985878461943
12840 4.71573867490497
12845 2.918906654473911
12870 2.4756896495655276
12878 4.147118998814825
12891 7.719962956487176
12898 5.018599914595236
12902 0.40834230241218894
12906 2.5292472857198036
12927 0.4628646366225924
12929 0.37112924660010044
12939 7.409715876589962
12940 9.545252655159663
12941 4.051052477063823
12944 1.8542298555932162
12960 1.4164448363961926
12968 1.944311374770082
12983 6.603989838163775
12997 3.7515246119760075
12998 11.02006721556373
13016 2.9429126161843384
13020 6.868901765751848
13023 0.06521994275415313
13042 0.7998131068457394
13047 2.2071850309360346
13048 5.00061212914851
13052 11.220525446913838
13060 1.4191897923557146
13065 10.281327494901543
13078 12.042197162854102
13080 2.3894491863780805
13082 3.969124333054685
13083 2.4024199951661904
13086 4.212591328959928
13096 10.499576274414144
13098 4.512982860904849
13103 0.7190578859765778
13104 4.097769488004154
13108 2.347574335060599
13118 0.9816365825132072
13119 4.838164491340789
13120 7.616705666823286
13122 4.437544843392926
13137 9.779724992012248
13140 4.022099493089384
13152 3.736562020755563
13157 8.50447066734314
13158 1.4075095063659486
13166 13.013373824247335
13169 5.418147528123402
13172 7.701178497185922
13175 4.470707208390925
13180 6.348332933303842
13181 4.396814535601115
13185 3.425661747766397
13186 3.3828475665406246
13195 1.9329687991158113
13201 3.4069000259639606
13226 8.566878813009957
13227 6.5365483843323995
13232 6.428920862824513
13235 5.0112283380247264
13246 6.5803120998297935
13261 1.8291605321616353
13264 4.243867335787726
13266 8.282055764917818
13268 0.24030748707709995
13290 1.9125988133506155
13292 0.6515481761686364
13295 2.432544651205211
13296 5.346451880071859
13299 5.7224571466739
13309 10.306078885473967
13334 6.784960955782527
13346 4.849255402535573
13347 3.9498612121462493
13349 6.826728282878743
13357 7.4169110704623185
13361 1.734283749908451
13373 1.2334372943486034
13384 4.765804352916686
13387 3.004948738880895
13401 0.8198913222468704
13402 13.09760866647166
13414 6.973436211921776
13419 5.434447998891427
13423 6.776162640889213
13439 4.9064937093399585
13444 5.3067364659784335
13445 5.647292532981998
13447 2.5463224818033936
13453 0.4434508141171583
13456 4.127906926846033
13471 5.003972351643692
13477 3.427165606962407
13496 6.769612664681296
13501 4.086095941723303
13502 5.766378634815959
13503 1.4139027746700297
13510 11.340077720104736
13517 6.246374484920087
13544 3.158531923860398
13556 6.509996531557545
13559 12.258247242209308
13567 1.3945291664330663
13569 0.4034698413929448
13570 12.327957268245688
13591 1.1573577647026505
13596 1.5970700647347926
13600 9.398859536556026
13602 6.838915755189467
13605 7.553562366119253
13619 1.5053149448788328
13622 4.760815843933945
13625 9.841942336615753
13626 11.867703343738151
13644 3.495104345627818
13647 6.385664347858871
13666 3.745425339336897
13674 5.77231618399004
13677 2.7212727316289884
13681 0.8260245583260221
13683 4.672801015331092
13690 1.6368293181044455
13699 4.274833276018016
13702 1.2256456529098605
13703 8.067619532257934
13710 0.8104854542400851
13714 6.089140701848787
13715 10.704239270609968
13728 5.471791242724312
13733 2.298219582995447
13743 4.3398773230257515
13758 5.776459465059392
13762 1.858245712050808
13763 7.939777328344075
13765 3.648398400021861
13773 1.0263292231744876
13775 5.785993790009193
13783 2.7165824824954847
13824 12.88086013982746
13825 5.68441426807974
13828 1.1116706480925842
13832 10.478477062243218
13840 6.81512296611494
13868 7.684716814367764
13876 2.6753746472516338
13889 0.8343849465313675
13894 4.819894351633935
13901 7.4439669817848015
13910 3.6919108655185164
13919 6.606593046759918
13926 5.2969529911770135
13928 5.075911583615458
13934 5.571739895629943
13936 6.834733034394604
13943 1.2644210407569125
13946 8.111905656083616
13957 6.962029167650567
13962 3.3060564635376775
13982 2.0409693830453017
13985 0.840144419287121
13990 1.7261736704331603
13992 2.4090941568631785
14003 4.741733933742732
14014 5.747140387065842
14017 10.226291855768096
14025 1.3182903837501527
14033 1.3152997816816405
14035 7.263249901034937
14036 5.466111832319753
14038 9.184633580634397
14051 1.050708184123529
14054 0.8022630278816308
14056 2.4537975814052277
14058 6.849267676763748
14063 4.593260521749902
14065 5.6354905263849995
14104 3.578357593675556
14117 6.8399037858841085
14124 2.957060331749623
14127 0.5204671773494657
14135 10.099849141148525
14141 10.08999062573934
14142 4.932768126074947
14158 12.089256699455296
14173 3.7576943856856966
14182 10.122114371782212
14189 4.1364561375191595
14191 1.7752658679827555
14192 1.2723636395214413
14199 10.917541745112919
14204 6.948976959540487
14206 4.781226881828548
14211 2.7280242902494125
14219 6.763958819429252
14235 9.335209542913052
14244 12.454822713497673
14245 5.439917965295646
14256 4.910742755054619
14267 4.773867322246368
14281 10.001713103015344
14287 6.8508408255176425
14292 1.234498184137496
14305 4.466635876760336
14309 0.22072074308892792
14313 4.389543152980006
14329 0.5742047455105562
14334 1.6410209757111356
14335 3.028163278076322
14359 1.2337518713914328
14365 1.0989271700975238
14368 2.96054265394462
14377 6.375709862850618
14382 5.6739538459621714
14393 1.2935462328398655
14403 10.8415655848455
14406 8.77953999076103
14418 4.655581359008016
14444 11.858311998405357
14465 0.4015523923752515
14467 0.7213483823164992
14468 8.100525167113311
14480 4.168635713302402
14492 5.423555849802786
14493 6.839929613994815
14498 13.230968409907053
14499 5.31772823687642
14502 6.865966059301896
14504 4.802793452954858
14508 0.19929197612096333
14521 0.8330054122231798
14525 1.2389081253804037
14544 12.377138662975936
14545 10.489567199741483
14553 3.9400373514746327
14558 9.995116243791708
14563 6.0320876661469045
14564 4.070641509421045
14572 11.02911484051083
14579 1.2531842608882298
14596 8.424191259154474
14598 4.425494033546688
14604 11.010084685702452
14621 4.926514296548889
14630 0.8951149777143778
14634 0.36194319961783544
14639 2.4127178360310677
14642 0.9303551933157891
14663 1.2970374741187611
14664 10.581678561858258
14678 5.276468389356789
14693 1.7128856057194362
14694 8.123481453397256
14707 0.6696305354842942
14710 1.5457288265152922
14719 5.368647816265822
14722 7.826899084636154
14728 3.401248007967672
14733 7.3264371204365615
14738 2.306901393816965
14739 10.093770172263403
14742 1.3693984097291478
14747 0.704574419168612
14750 5.368057669575897
14753 9.797652403490353
14768 6.8274153877115165
14774 4.2229562185502925
14782 2.601076521917007
14783 5.822901385856432
14791 6.5774341423666165
14810 1.0719358960206453
14819 2.5862347282182774
14831 1.0145142504622426
14836 3.2942752154701345
14839 5.763048583580285
14862 4.15714658946182
14878 5.1387116167523335
14887 4.769853523386917
14896 4.055740877952821
14903 4.493519951153672
14904 1.6446298945890003
14921 1.4043356192343874
14922 4.865998148406917
14924 2.0669759035248982
14954 1.2690081061450125
14962 6.940274252451707
14972 5.803860397626
14973 11.133486419940555
14995 9.386543649247084
14999 1.1591436008216442
15006 0.7454218114358034
15009 0.8447417613428155
15028 1.137807405632847
15031 11.61455838435837
15048 10.301673983223154
15056 6.829628804954381
15069 7.319079458968835
15075 4.423069142531181
15088 0.9900578604113651
15102 5.8582549219063305
15104 3.9208258771475473
15105 12.285549479514811
15107 3.446169225363008
15109 1.2362977621738331
15111 4.150816488585949
15123 6.794017862161953
15125 1.2692062474392356
15141 1.7222109271299584
15145 3.150429257988582
15149 0.2753328614129874
15154 6.018191824119916
15158 0.35118197634850035
15161 4.197459687010802
15167 0.7114867181857397
15185 2.0090767374895773
15199 6.372735866507823
15211 3.1153693626531185
15217 7.186667468992791
15221 3.9796586992751735
15224 0.9844765441115271
15227 6.616259275216092
15232 0.06253391896072763
15239 1.7301928911673818
15268 4.89701217311011
15271 4.209537029339953
15272 2.9745879843455367
15286 4.138705247076733
15289 7.561303530506266
15297 10.506253108008318
15299 6.5700201457782565
15312 4.151791416820736
15317 4.340749777226078
15321 6.811271008558258
15328 4.131755177837219
15333 1.9372803073923195
15337 3.31315882284778
15340 11.874123008660375
15376 4.081464238724559
15384 6.777257069925738
15385 8.948524383781228
15386 9.939980459914912
15392 10.813244746238693
15402 2.4646516086438974
15405 0.3920329027947047
15408 11.22569057079242
15415 1.1175657145978908
15433 4.969176167240978
15434 5.152742655065589
15437 4.662469146574666
15451 7.422882483940421
15457 9.837658085696958
15471 5.63601180823645
15477 2.9709125187474577
15479 1.00025621884564
15480 2.3469699711969767
15489 5.586419489428579
15499 0.5834806229767363
15518 6.82947295212356
15535 4.2139940007057195
15537 2.449983207661511
15550 5.299931840001416
15551 4.875573539281762
15574 5.606123312386977
15588 9.896316689345332
15612 5.252704118003977
15632 4.161549431993981
15634 12.111880583962103
15662 13.042596062072615
15664 7.77165787012207
15667 4.801093679330947
15675 13.146988858511383
15683 0.0703842489159239
15690 3.4321767650513078
15698 3.760031402284998
15700 0.14877081236191433
15704 2.5401745236317765
15719 6.559548313541453
15721 1.1391730229493668
15733 9.142537872740185
15739 4.2603736506062795
15740 9.448378752837092
15744 11.001840449773844
15753 2.5222337534624666
15765 5.2902205579597945
15787 12.16456053518148
15790 5.248115175539462
15793 1.3799210048718646
15795 1.2786858955778788
15813 0.6716401126227888
15814 1.0278626856277917
15820 13.05897309575742
15829 4.941221187724598
15841 7.312691222792804
15860 6.568939820333044
15873 3.9087652505799952
15877 1.7149647203016798
15878 2.985150276657873
15881 7.5705754319485745
15889 2.6652306961426113
15898 6.611468752921175
15902 9.198654147673397
15903 5.101615661613689
15924 6.37646823964432
15926 11.617723445647362
15929 6.704579002516745
15937 4.086963608228518
15956 2.368517432509497
15957 3.559939584877173
15965 2.0145092300190557
15970 12.729444442537451
15976 0.0324741984371124
15987 9.70450379101677
15990 3.477803251457777
15994 0.8770033990674222
15996 9.481652241191787
15997 4.2612886203177265
16002 6.385634461561974
16015 11.762807833075154
16057 10.993890114883548
16070 6.154580382976366
16083 1.958036893135026
16084 7.5639044519053895
16102 4.077042345127616
16105 0.5647269300790072
16109 7.529577114201444
16112 9.301090846905868
16113 3.0382670536596197
16120 3.190233645259906
16122 0.50252265933215
16126 4.171629270179908
16129 5.580866823987955
16133 5.762900340143144
16158 12.523451958150016
16167 4.16024788257261
16199 4.156291482312663
16213 4.965347156518846
16222 5.268819588089584
16224 1.6901020441800167
16226 4.1420196455847735
16259 3.262892232854324
16265 4.994666237307048
16272 4.396426311544389
16273 9.355762896537808
16297 2.4131963508042573
16317 1.91191505923715
16321 2.9624749528539187
16323 0.06961637023094074
16324 9.01288402426365
16361 10.492870701528014
16388 4.047971735487341
16392 5.060596588811108
16394 5.004287677014601
16399 5.7878426938322525
16414 4.008301171154332
16419 0.7144762825810463
16423 1.1295841610788986
16432 5.822337618281221
16435 0.041440605550114515
16436 3.6482200370958715
16437 13.494932843641823
16441 6.53049382189657
16459 6.824595890201869
16460 2.7092515212804456
16471 1.2879607594940707
16478 10.192351183151832
16481 7.287903969696598
16505 1.253977324548013
16511 4.191597362390915
16519 5.350838240265785
16529 12.605118739893966
16563 1.2481199013252575
16579 1.0436369389241502
16580 13.170220702098867
16583 10.23648019380543
16596 7.407316137802397
16597 13.036339646963624
16603 1.2595531211891393
16611 8.166310976204876
16631 5.189718498925995
16635 1.3965069616257397
16655 3.763942324029859
16657 2.0180974227091033
16676 6.945605670663797
16679 5.72375495674002
16691 10.745773444444811
16692 1.5941726317447233
16694 0.0508077656992708
16701 5.136205540040983
16712 5.3215864666511035
16725 6.400674303559656
16730 1.0066469634852393
16754 2.4702286286694575
16774 9.607104567571518
16778 6.534963546582
16779 8.861215143535077
16783 3.428968093325534
16785 10.552997606912053
16794 4.776980686372029
16809 2.427559615336276
16811 2.1219983588390385
16815 6.128691034954462
16820 3.6628939933617333
16835 6.28104141531965
16836 5.03810878082222
16838 5.246057152463739
16840 2.644272023131976
16848 1.3361112452929576
16851 12.388703725404618
16852 5.567897373542163
16865 6.175710712394183
16867 12.333187486356804
16895 5.950009327396123
16898 13.124006760415368
16900 1.9244767978733193
16904 6.622621276146473
16906 3.0942754365228775
16908 1.2248504486337863
16921 13.461049995822986
16925 1.7383586666580666
16932 3.0995244029982847
16943 4.539132358068972
16964 4.05008557128109
16966 7.377511604223897
16968 4.1426287443944165
16969 4.50909693899982
16975 5.71006087302135
16978 7.380552344432155
16981 6.952076619328088
16983 1.96340741180533
16985 3.6065450844138165
16993 5.688833190835884
17007 6.833017496961905
17012 0.7907216560812598
17021 6.825109370094022
17029 1.0678834883715589
17045 4.138343336250097
17051 12.91319599283191
17084 2.7811325892270924
17090 6.378700726738967
17093 8.17025684381707
17107 1.27797610579645
17124 1.5825694760763758
17131 6.591372209226485
17136 13.469293762939714
17139 6.574973202455786
17145 7.372588168504298
17157 5.543058899438246
17165 6.811178287326284
17169 6.644935346585469
17182 6.329676914006635
17184 8.192210902223993
17185 6.981249671690668
17192 1.1687314185367386
17201 1.8264689531607847
17203 3.3963237405932083
17204 8.873586447158669
17207 5.950718497100779
17215 0.8347580085796068
17220 1.8070251389559973
17225 7.3790325858411485
17226 4.412449087901076
17229 2.2755641272607576
17234 5.1089909127141775
17235 8.857370609202695
17238 1.446858949971949
17244 2.701986794729478
17251 0.8080782727279545
17261 5.666648525311002
17263 11.260811495495055
17264 4.735618273383526
17265 4.629505228398404
17267 6.8254236585713715
17270 3.016980289623632
17306 6.823635381239374
17321 5.198742661042503
17330 8.551787762920622
17334 1.2309239087834067
17335 5.142007606047953
17341 2.5518064830227867
17355 1.0196923884117113
17357 12.31284841991493
17358 7.662906482959363
17361 10.109224261248293
17362 6.840288561498125
17369 7.290133954128265
17377 2.435120627746622
17378 1.3112581790604394
17380 5.360408600007173
17398 9.415557510370924
17411 7.629876363402421
17434 4.406241171039857
17436 8.86497232864286
17447 12.006631490623901
17449 12.79587050036013
17461 4.49761295915856
17470 4.932562822993743
17471 5.034196770163852
17472 1.3466930295921689
17473 5.606952594920072
17476 2.2783761696971334
17484 4.753138660614551
17509 1.6104568104097108
17516 6.620048180698679
17522 13.105976046662121
17524 1.23786042149277
17531 10.771630079287403
17548 10.568081486525736
17556 2.4588216459090377
17562 5.568038256216162
17565 3.101192257332812
17571 1.5830276207651137
17584 5.815171444593655
17587 1.6375274481601259
17601 0.7331144286437745
17602 2.409278006123654
17606 5.492364314023221
17610 1.2860188641500387
17618 0.9106361629616279
17624 5.799195251337251
17625 13.46284325348673
17635 4.120574687685125
17653 1.068497326007017
17659 12.469484268894236
17680 4.472134485161762
17684 1.4719191072861344
17699 11.114944185687598
17716 1.148219585025344
17721 6.295907179437538
17726 4.770722459070163
17731 3.5044844141202733
17738 7.911588902385997
17748 4.923505491587861
17759 1.4235433726491447
17766 0.16546854492504923
17768 3.657275282702024
17772 2.982155855956768
17773 6.394157549104199
17776 3.685716384146636
17781 4.0765037973638005
17785 2.2777282703483133
17789 2.048992114520587
17801 4.277333204749825
17806 2.144666215929332
17812 10.125255732373164
17828 3.292660751803884
17836 11.153971602983216
17839 5.071866837766367
17847 2.012954213233402
17854 12.590576569876353
17858 8.08685263668016
17861 12.27025905730433
17862 4.726418078431441
17874 0.7747725919801726
17875 4.395187766603719
17884 4.267134684651448
17888 4.920917806472382
17891 1.9909125972798396
17893 8.89899503144538
17905 6.566132627200577
17907 0.23771517539208542
17919 5.5520471788539485
17922 13.166096849236627
17932 5.1985256506840845
17935 0.7912364747512421
17948 0.5133011712999547
17951 12.199131543670552
17965 10.87555193845621
17986 7.328180297780269
17999 7.001005018669011
18000 3.409232730353159
18009 6.855816256056316
18013 0.7086522973132068
18020 10.10595586093078
18026 12.580985702254605
18028 5.652438472793675
18029 5.6668967869670235
18035 2.582370795801099
18036 2.188263374178981
18044 1.3014472857597694
18049 0.9526160721491089
18057 4.475572640106271
18058 2.111548888503452
18077 13.47370776797674
18081 0.11876450991458884
18083 4.549997352039922
18090 4.044701287929527
18092 3.3190263907031783
18095 5.383711733494193
18100 5.317362985055666
18116 3.5075708744015452
18120 10.788959972365788
18124 0.24429741399714763
18130 4.1706755435033225
18132 5.810015835080038
18136 7.167972504415214
18142 9.888736448394486
18149 8.628257207995604
18156 7.9082720705229
18172 12.906378891748005
18180 1.0350368044833236
18203 4.2695619430837075
18209 4.15666186599543
18214 7.062469572883547
18218 6.390045389454336
18220 4.107477385695848
18221 6.8413267823649
18230 5.654825779040403
18235 0.0
18240 5.025953524012483
18251 4.949184535605359
18262 2.5472921293805686
18263 4.10469004918363
18271 6.824313273913702
18291 4.94245529785293
18294 4.775916052643406
18327 7.542654009033949
18332 2.253906055776082
18333 11.312371246302899
18336 12.419777534920451
18345 6.547802913396982
18357 2.977844503750504
18373 1.6586389930336158
18374 6.835224593953853
18377 2.8710042196841616
18379 7.666530250245208
18386 1.6815580919228383
18405 9.44357997366751
18418 9.85906407217645
18425 13.162961650183071
18433 5.640561264598755
18449 2.3926829236313907
18453 6.623417476286458
18456 8.187863947739233
18458 4.31772291869801
18460 0.44325486315065116
18480 8.115690720096225
18492 5.54425069946899
18507 5.030056826026421
18510 8.409297538008966
18511 4.747806738820817
18531 2.6387442322798176
18532 4.748162369278357
18534 2.386188585751808
18541 9.69501598754143
18573 1.4238134130469178
18576 11.095181493217376
18584 1.5302058996374763
18587 7.636832893703089
18589 6.5851687758363
18591 2.2246364478121223
18592 4.108699479175382
18608 1.075356075259733
18616 5.650882177672686
18624 3.4625115271983344
18625 4.4711687763636725
18660 3.283450139376774
18663 1.0502330410612335
18665 5.735325261008667
18671 0.35325139934532174
18672 5.84609726814736
18675 0.7654061776865406
18709 11.998285108584133
18710 0.3590031327133087
18713 4.122720900114122
18715 4.534621646448491
18721 0.6675616115427724
18727 12.38014007499305
18755 2.389801805093857
18768 12.609925907494459
18774 2.352507501202301
18812 3.2341240344831976
18815 1.2507013332782906
18818 0.8574600956830113
18838 5.201331618959778
18841 0.8905438882411685
18849 2.5937538019197106
18856 7.103181101236831
18858 1.6086412509230439
18861 2.1682130932826444
18862 4.087471792429854
18867 3.892360980741792
18870 3.4525276900307658
18881 7.975546487340356
18885 0.4222371142363633
18895 6.800544954257326
18917 10.115487942278408
18921 3.6755652539257113
18929 0.4918666767344029
18938 3.8398830402937523
18939 5.258055472595679
18941 3.4358248699706935
18943 5.387618058273948
18953 11.056352814043404
18959 13.19000178789116
18968 12.034604044456152
18988 1.9777802655659737
18996 6.501134449015878
19001 3.1794247138399365
19002 6.965696644102621
19019 2.9400165634508433
19023 4.648606806052263
19025 5.628458310298409
19028 5.5742018436953
19031 5.387194875810044
19032 11.08407123893786
19036 6.7274914963800345
19042 5.428932101253279
19043 4.4178205813876605
19058 4.925180409979675
19060 0.007995679047163654
19076 4.64524651700732
19081 2.1302725011869645
19088 2.381918401901005
19090 13.285963775349563
19099 5.184223210242154
19102 2.344224377547801
19106 3.4374370838589154
19110 12.902830429710514
19111 4.734018603014742
19118 4.7422713938989185
19129 0.5872139751785524
19130 4.252721182932471
19146 4.068308180705994
19148 2.007537360076985
19149 2.138499302297103
19150 13.194584027478937
19196 1.5430083072982763
19197 0.173444574001701
19206 7.785784366510042
19232 0.0676824736170473
19237 1.2634839713182773
19238 0.003272818925223536
19242 0.3666349455206583
19253 12.600304802208507
19259 4.429638492147507
19262 8.196107522465805
19286 6.816960988921876
19292 4.511552540934661
19300 1.3948767483879243
19308 6.935774054758391
19341 7.003822551587496
19342 4.160648585786752
19357 7.2949263635748105
19370 1.5570262606709893
19375 5.799006892220275
19387 6.825957368365861
19400 12.2910433646913
19402 10.680403088230582
19415 7.067676915741861
19443 1.3262907854130173
19445 4.557608203386681
19464 8.089947250618748
19467 4.370614766025662
19475 5.695085695714831
19481 2.743812988214617
19491 9.02607509817521
19504 4.953055044175569
19510 4.202811330621285
19544 5.099696839610257
19551 4.358174483648812
19560 2.2171197720461064
19563 12.895463554977924
19581 10.837908194653545
19603 0.226861324943728
19616 4.767114699133265
19617 13.459816104615292
19627 4.399025988053687
19632 2.6459377290133594
19635 4.330822335817048
19648 4.502395830586999
19651 3.529171589013262
19656 4.072847757113913
19663 11.611382242314951
19664 6.408913896371458
19668 9.6746411830371
19681 5.680097153970675
19703 7.021213742559772
19704 0.6437335842965818
19719 7.71716726241519
19722 4.2380290693613265
19733 3.721240399126339
19744 2.371084409059583
19763 1.5345662350583267
19782 1.9510967197178242
19790 7.417606832108861
19792 0.5235162570695997
19797 6.7342565765639115
19801 8.981537854279567
19802 6.837207975560301
19803 4.09936505930283
19808 2.052965908399616
19811 4.309659804740909
19814 3.265058553908728
19821 3.91678564294809
19826 5.793698042089288
19832 1.2766128923297022
19846 5.3419405100908195
19849 4.180806987257044
19850 2.6062722883858678
19855 5.799999384252613
19868 4.193015032775178
19872 13.257939244048632
19881 6.993501826294223
19889 6.822686768193288
19903 4.756958519613354
19908 13.442538400552072
19923 13.1799260181513
19933 4.4709604890751935
19941 1.261928433315368
19951 0.07499228609003505
19959 9.669154518458415
19962 6.920354184351583
19963 1.4987064478779115
19966 13.47147303612867
19969 9.537074561552153
19980 2.3663010160838893
19982 3.0872584068958555
20006 12.149512267278537
20018 12.207391289532465
20024 1.599897924201544
20034 11.123616954172928
20039 1.8863805006642111
20049 5.833354588616271
20056 1.2265484133908968
20057 4.181091914559838
20078 7.704206872584183
20092 6.516342479712442
20096 1.4012237180594491
20108 10.964410893561764
20117 13.28078526613029
20119 4.098510198295535
20129 10.165126715420548
20143 0.3156852095544068
20144 1.3077107746297878
20145 13.159741819997038
20160 6.556792697727556
20172 6.957696946133845
20186 0.8816202617946685
20191 4.059021206606587
20205 4.516807977668959
20218 4.147745550571535
20219 4.118321151958115
20223 5.230895483758365
20234 6.8312912042868055
20238 13.480032453008521
20239 6.421873777844691
20245 1.4048822523128248
20246 11.629270454221402
20250 2.202037399571553
20275 9.555132228658676
20284 6.747561526993712
20294 4.792157289310963
20295 8.061136661489384
20309 9.581971240393207
20311 0.5946397858166125
20324 9.783606366239844
20330 6.417059463841968
20331 6.441592520876769
20341 11.429288110418952
20345 5.632459303596363
20346 8.928155255574096
20347 0.4501947821932926
20358 7.6892328674333825
20361 4.134906726001788
20380 4.421633717942093
20396 5.019823054610706
20400 11.571895565447054
20403 2.098252220639874
20404 1.8417264928865522
20415 12.382553873346325
20419 4.196024265349965
20442 0.20336522071129323
20443 11.600588091287925
20447 0.3810882123507491
20457 7.196911721268388
20462 0.09268244957308791
20464 2.6848060356686965
20473 12.427885549815505
20486 6.969762659140115
20515 10.792512885128446
20523 12.585837718577334
20525 0.33979433215854926
20528 6.830263839172499
20536 5.578900505477342
20537 1.036889124601696
20542 5.341454734643129
20556 8.816729633663849
20566 2.0234756211818588
20571 1.0996931701306005
20608 5.019832019638168
20609 9.740652457372413
20615 5.058493583144436
20629 4.19878633072563
20631 10.146346669063655
20639 6.81961698157433
20650 7.728032520420431
20657 6.7659155669320015
20665 4.465949525252928
20670 5.364583507613587
20671 5.78023392326513
20675 7.626730122671013
20687 10.168606430945443
20691 11.767099511422371
20692 4.102947245005961
20696 3.6341584160669975
20704 2.8795098408322843
20713 1.739406139596177
20714 2.3030458374979395
20716 6.412637213952557
20720 8.973558829120467
20726 12.552934627783793
20727 1.040259478619709
20728 10.958314334455942
20738 3.4970312768464917
20747 0.057305790633336184
20768 5.790642632947962
20769 1.0385846472644173
20774 5.056489926106947
20792 13.527444687388005
20793 4.76076051621792
20797 2.070620674927398
20822 9.731793990005963
20827 1.1156110509625992
20837 7.389675068162617
20849 5.707299522976265
20851 1.4287884156861346
20860 13.388915368065291
20864 2.738716845483202
20866 10.263383547447992
20899 1.322730091251145
20940 5.721942537491727
20954 9.77067585982832
20958 10.059455502239349
20961 7.774940272928065
20964 5.736215505438267
20972 10.72554078269762
20984 10.297198781966856
20999 5.627402570486867
21007 8.68551837520802
21008 6.369605253552455
21011 6.762216289894782
21016 13.138238146500854
21028 0.43188295529465004
21064 4.381780328925583
21071 5.338293895701759
21084 1.4979588248849083
21093 0.7193072882338923
21094 7.965456029643321
21099 4.993908452461067
21108 4.756937530424196
21116 5.385679608408166
21121 13.526330226927737
21133 5.556542020523421
21135 6.351876367779847
21148 5.70003998915482
21150 1.7199806302989553
21151 6.511403366680849
21156 10.229670283106941
21159 0.9877676488406185
21170 1.7111452315615825
21183 7.7687923804665395
21185 3.7511525890014927
21189 0.9770740881601347
21190 4.297931274548162
21191 3.7062839067203055
21194 1.201026862784259
21197 6.8261937682828275
21205 2.310263999729019
21209 5.38911213609249
21220 5.6447236757133235
21241 2.649908725262651
21249 5.745485925110956
21259 0.3967991378428521
21260 10.684825868047104
21264 0.5621162455791461
21277 8.957709026589901
21281 3.068542526090604
21289 4.278644884443415
21290 2.9463414193796558
21299 5.4170318041836
21300 4.594394494212915
21303 1.2549735146644991
21319 4.8062101013017795
21324 2.6687321781058304
21332 0.7265548859685891
21336 4.183116850200001
21340 6.2376600316051585
21343 6.391629412062031
21345 8.341843460617474
21355 11.7584155812141
21356 4.18820693675907
21365 1.2858511447589136
21366 4.10298173427509
21380 4.112978031291507
21384 1.3350745720603352
21389 0.3114229525401827
21391 5.300199874822715
21396 1.008858679361255
21402 6.372100928696665
21403 6.577658825612325
21412 2.365963828504036
21420 1.7070995608343817
21433 4.203198704375005
21440 4.796322211307132
21445 8.076435631522752
21456 1.6012153252732673
21463 5.6490683220425915
21469 0.9173750754199365
21483 4.2701941372663414
21486 0.5457693784094275
21497 0.32026375729244805
21498 4.044403783396142
21515 2.6825079139156407
21519 4.540635169854734
21526 12.411832109484966
21528 5.557861270427933
21532 0.48265801191203345
21533 5.80262382170144
21534 2.404225534953786
21537 1.4649457731990256
21538 6.567381727689793
21542 5.327374358616239
21562 5.562629244945757
21564 4.942494197889653
21574 6.773845838360006
21592 2.260841352681528
21596 0.20934240275561217
21613 4.718507425721051
21616 2.5515085561511572
21626 2.0228252696899567
21650 3.498304243334536
21651 5.016233162193918
21654 0.1831230862406437
21657 1.7233553255901697
21662 2.6677303269735875
21678 5.124470727087018
21691 6.9715901745801245
21694 3.4431501698238405
21697 4.30586891520311
21701 9.427408624200835
21702 13.466667922470988
21725 0.9249337399045725
21733 1.6717809852785446
21762 9.630906167186865
21763 4.1370310186624675
21778 6.8601467863052195
21779 12.853693107831889
21780 1.9652850974090945
21784 13.492968624786023
21824 9.348911080416348
21830 5.717023934049052
21845 1.3140047827600645
21846 9.072834255900847
21854 7.927368116056098
21862 7.324172866872367
21875 4.672457483318176
21877 5.2418763811804965
21881 11.242093648755628
21884 4.093543301425326
21886 11.16336875429791
21890 6.958928313951512
21894 4.91834571863929
21905 8.136001943988571
21908 1.1555002342598997
21912 3.083096147994129
21920 3.4223030814666133
21921 1.4002063426157183
21934 1.2812973495138023
21956 5.355060672580694
21967 7.3955531512956965
21971 0.3204377475052335
21974 7.435898378004085
21984 8.834066193237966
21987 13.02016443357579
21999 10.778725155334325
22010 7.549765738187505
22028 5.570658311352697
22038 1.6605233998451294
22051 5.274244446392591
22068 4.559143747292223
22079 12.071842616552384
22102 0.25386390660820773
22104 3.8753053636355586
22122 9.369399557858378
22131 1.7960033387664507
22133 2.9922538088360078
22136 0.44793866610582384
22137 1.410704903864828
22149 1.894119722150359
22150 6.3938400089863165
22152 6.937373406634036
22172 3.0632487597060996
22192 9.524717898425529
22208 6.3746622366085886
22212 4.190668853069488
22224 5.85219559538916
22231 6.868045194230429
22235 5.236455074066467
22258 1.2179147925497513
22270 5.806902763550648
22272 8.510052671044354
22277 4.947704293622058
22278 2.6694546031568063
22286 7.081649219029916
22308 5.782166803699078
22357 10.48367405292845
22376 1.5026948249733783
22379 0.7947120086996107
22390 10.819679405670357
22418 1.567963511950631
22421 5.664192133404663
22427 1.9407753974835458
22434 12.026847134798329
22443 7.412187212167998
22450 9.003769169657934
22453 5.757309464498401
22462 8.428767512910364
22465 4.0464602178564295
22466 2.4936783842334123
22471 1.0092622607484936
22479 0.8870074313099974
22490 3.7981692872880304
22493 3.541491213493774
22499 4.206676771685132
22500 12.103894156051457
22518 3.2789300874264073
22536 6.828008833994515
22540 5.549194532999838
22555 5.816088873831475
22564 12.506665361321613
22578 4.552973879200656
22596 0.8997038237660435
22598 7.698429739732764
22617 1.5885826101313862
22624 5.270119995846075
22628 2.6284956150281475
22633 2.694307837138562
22639 0.8349374252453412
22643 2.368770076753092
22655 3.883865820958767
22657 5.632366630412361
22672 5.372936458290236
22681 0.0479236302416088
22688 6.783945050389074
22701 1.5695525671982127
22714 5.842501347291127
22715 4.701294141164692
22725 0.46607321319706035
22735 8.362181444348414
22757 11.985447382348344
22760 13.174401914064159
22766 1.9412270371652063
22781 4.743405995725829
22784 5.318234689739051
22788 5.9232358284266695
22816 4.531469341203462
22821 5.763609365770675
22836 2.689498664636955
22837 5.827222776557368
22838 8.415541854292053
22840 2.5553018951956137
22864 0.452456376251672
22867 4.685591979300176
22868 5.501525738510613
22873 3.9351663686224816
22877 2.6981399317532864
22879 4.769914852618033
22881 1.602835121456906
22900 2.2276389277782394
22906 5.616909002478844
22908 7.261307662334519
22930 2.5400202216788474
22935 5.080492778813098
22937 1.7811015836390611
22945 6.423256539000494
22949 7.53334440471346
22960 2.292818068614902
22965 12.215426233983887
22979 10.549191095161717
22989 6.3346569855220025
23006 4.156486132650297
23008 8.108200777029623
23012 0.3640948523159296
23015 5.511451281375029
23044 6.639303849454887
23054 11.864533145301726
23060 5.385455362639746
23062 3.3781852260517513
23063 6.553936826541053
23070 0.9041531959168886
23071 8.573140087647761
23095 6.527883084889806
23104 4.336316231652902
23108 4.261910889123984
23115 12.396236133821844
23137 13.29829088615747
23142 0.33371021200816764
23146 4.457965030577249
23161 5.051739147038852
23165 12.19569225787534
23175 12.862428432628715
23186 0.8190294923808638
23205 5.712127549119928
23217 5.096910835136482
23222 3.510432819757452
23231 11.879162708336278
23238 5.207199164627519
23245 4.528289974814978
23246 6.44674044724579
23256 10.756046540849955
23257 5.6498638856662335
23269 1.4767519977115167
23271 11.395733336375413
23273 9.735354796005183
23274 10.645544020063703
23277 2.105777623590883
23311 0.04608463986587327
23316 12.400045908547916
23326 0.4467026641722367
23331 5.768152117036698
23347 3.556806189377566
23353 13.468110479345764
23385 0.38592617598262413
23386 2.0573733116360047
23396 7.724617845019092
23413 3.3582228741954236
23414 11.958459108804153
23417 2.2704559779528344
23426 3.3351132289060654
23434 8.999129008351147
23437 6.756106803880967
23438 0.5051994648866215
23450 3.95976010342117
23466 1.5483800068035958
23476 0.1426899526216575
23482 0.8730136116028451
23505 1.4472073989126486
23507 6.827914545114707
23511 5.560077375217992
23533 10.730308893125134
23540 4.567169169224244
23554 6.97631544998843
23560 5.581274291972803
23569 12.21212446391653
23593 5.070304820860587
23596 5.848332933303842
23600 1.5915410598081203
23603 8.149317463883303
23604 2.1812626087118114
23615 1.7013054328622423
23618 3.4607445281238873
23626 4.065476213811429
23631 5.56512280656487
23644 12.91655920850688
23650 3.588915814958779
23653 2.3513924782247324
23658 3.2732827421099153
23662 5.560455713546002
23679 7.038993864903504
23686 4.665746669008412
23688 1.563108177928487
23690 1.7838432132379218
23693 12.884007439009261
23696 10.29291446868567
23698 2.866651725630553
23711 4.5245380112704146
23716 4.326393156971042
23723 9.422534796427005
23726 13.025428025267873
23764 8.923840584982688
23769 2.6538542710654465
23774 4.359211012919361
23783 1.0763082781278408
23784 8.916161484794847
23790 6.550998884640408
23791 0.23089618927074165
23801 13.130324506105467
23805 5.007734592325584
23806 8.678825059774356
23814 11.5579010520644
23821 6.525114627047241
23830 0.378454428652638
23837 8.908183906551338
23874 4.1279458917502865
23875 2.6837314969576695
23879 5.333592619926812
23904 4.857532313673208
23910 13.477568546464763
23911 4.73026671239902
23912 4.116622911292888
23921 3.611138302129268
23923 3.4571194097216056
23931 3.676839547430449
23933 7.321850283454141
23946 0.7058172427199438
23955 13.033355572708354
23965 0.728095305388197
23968 0.5380989706050383
24008 1.8928526594397654
24012 0.73660722721126
24016 8.080446583846411
24034 0.6926526399194758
24037 4.060751728141958
24039 1.9738860308375976
24051 1.7711764727335606
24079 8.382774217854447
24114 4.149601385978198
24119 2.0671828824027125
24128 1.6628571261362872
24131 6.525910932465933
24135 0.9556305201703331
24141 6.775316534656594
24155 5.174433502123467
24162 3.0332547004449935
24165 10.831182907528557
24178 0.4180820565843153
24179 2.0957933667366944
24197 6.363664132097268
24215 4.1284681269105485
24233 6.967947418831973
24246 8.969579846695149
24259 1.2488721546039558
24263 13.27132963557203
24264 11.51303003494257
24271 7.556132945442979
24285 6.960407804978518
24292 6.978903262527332
24296 1.2327271275335836
24302 4.950622374993883
24305 4.453712617423317
24308 0.8690418548904205
24314 4.695645237368636
24319 1.9677015209097248
24320 3.9944291615317495
24332 12.347857003818111
24333 4.506934239011138
24334 4.779665730036244
24350 4.803232386476197
24353 11.777616874406633
24358 4.821622139297177
24359 1.7186843807110384
24361 5.793378817460784
24367 10.865051645516573
24374 2.2820303951879195
24376 0.8150090012664172
24383 2.735356380580898
24386 4.120622272425144
24394 4.02580842546817
24403 1.2780080332611508
24411 6.631469640190733
24413 1.1469321489187452
24416 10.475925391055293
24421 0.09748458359952918
24423 13.264707394433314
24426 1.6497456152663135
24428 11.855285195519707
24434 1.165689284564791
24440 10.172623474374445
24460 1.4118330725369677
24488 2.379182975877152
24492 11.976855375900453
24495 7.606679420970157
24516 0.5031145454512711
24560 4.349467792586252
24561 4.8830979704431465
24569 5.6206488919122854
24570 4.631272227138086
24572 10.688831144118263
24577 6.824695056669274
24587 5.563098689228771
24606 3.6813562708565746
24610 1.6897401126998723
24621 4.159045675763002
24626 4.903456321496304
24641 4.933457178558866
24649 2.6281836609010387
24653 2.373672881775433
24660 9.51301565921397
24667 7.190127906708136
24691 3.5324146527564095
24709 12.499405062981394
24712 1.257575162689273
24714 12.926510959978389
24725 4.155314151399152
24742 12.450141226840831
24755 0.19459388166462813
24756 3.4157444668907986
24772 11.14317588146529
24775 1.2464922694464848
24778 2.350298453349436
24784 6.953211375774394
24793 8.943987207975784
24799 1.0942584139121587
24801 6.954358525302851
24804 6.5946430356963885
24814 13.04584281391119
24827 2.250412530018422
24833 9.451864731581312
24842 10.759889566863633
24854 9.162321018509804
24857 5.819934804341791
24862 4.435681539137006
24864 5.568754416331489
24868 6.096944012821933
24879 4.352834676725238
24885 7.193534989475997
24888 5.314217767699627
24898 9.194166140307026
24916 1.7244997847336505
24922 4.442652681742707
24932 10.418022463585642
24944 5.737623387076909
24981 3.550564234870804
24983 4.04827729912697
24984 8.841136670262904
24985 1.2409654432109354
24993 10.522947133473027
24994 1.272243644174628
25009 8.546693463502434
25011 6.769127203258171
25016 13.239451677619279
25019 5.276716337593493
25021 2.22349363784983
25027 1.7610549132762827
25028 11.844598183854275
25037 2.5523548236513784
25043 6.390453151426314
25047 0.33644920512939697
25053 1.493133859544618
25056 5.547010238109253
25066 4.272555821749005
25067 4.799803830387971
25083 10.700387606020827
25091 3.0192490782277552
25093 4.558899730098119
25108 0.8374658170790901
25114 5.6577224790130405
25126 6.39527470143019
25135 3.018799971690928
25143 10.112479848792852
25148 2.1620973432452324
25153 0.3457497032537957
25162 7.316120761722365
25171 8.903019907891444
25172 4.403007135934281
25173 2.7286372063526794
25178 12.909802287704078
25189 2.7230051694090545
25208 13.490998438935947
25224 2.640655347970361
25235 4.499624043155147
25237 11.072487899283956
25241 6.823629943282954
25243 5.576226155178953
25248 5.58893065357879
25262 6.848696287421503
25270 2.6175808881422578
25278 4.861522692791363
25287 1.1949352569929585
25297 2.111472019161753
25312 6.580364735490347
25333 9.556618876671948
25335 6.795038808267085
25339 0.8050995816271607
25341 5.334713411156326
25344 1.7407605407000915
25345 4.139316565237375
25360 6.984561027478615
25372 7.211650488311118
25382 3.6984025612863554
25392 6.963593860683743
25400 4.1677001061357
25405 3.9548236662342107
25416 5.670375667009797
25420 4.3626149238961816
25430 6.381404061437367
25432 7.7332299908791775
25437 2.620044866405983
25441 1.791373343949068
25451 7.70685702140545
25477 9.873595966207622
25485 9.976859990028778
25492 3.582365228650507
25504 9.714200118908067
25515 12.219005446285538
25524 0.1773589059734826
25536 4.0820620228724405
25554 2.1912925917867976
25566 7.402674262597067
25580 4.140462433216421
25585 1.5964163358480643
25586 6.5825629976487035
25593 4.175110838169009
25602 3.3225313583256972
25609 4.734190700089524
25620 3.442808031358026
25624 4.946012497970365
25638 4.005887679040128
25652 1.4523616219745035
25663 9.766656522665196
25666 4.484234489334367
25677 2.9012427502962654
25680 5.165824790467572
25683 1.3199746267406887
25688 1.9294129770287134
25693 2.986452113386506
25703 11.625174937108465
25723 1.8622952544086824
25746 6.7581774274009545
25748 10.851838382420576
25754 5.0988048307092
25757 1.4483344530341362
25775 2.0111582209127907
25792 11.786906840069017
25793 7.390927480177115
25794 5.021834049913588
25809 2.883667011982182
25811 2.9097991335110143
25813 10.91373149125361
25814 5.705043347397622
25815 1.0789020899864903
25816 11.5800885279731
25820 7.041616993594404
25830 4.148011672463324
25840 6.036946133722631
25844 3.702385479166065
25846 7.329878201163207
25848 1.4605540534097554
25850 4.413570302262685
25860 7.438407399461926
25861 4.162876285948502
25869 0.633310589241822
25870 4.391384710423102
25872 1.1405539580414603
25882 3.439343494259224
25901 7.4006995322074385
25902 4.794516161680683
25905 4.485118952989965
25923 4.419068766094602
25929 7.659247506848282
25930 8.522597498037214
25931 0.7854671485728263
25950 5.767740276911811
25955 2.2438847259679386
25957 6.799522346953532
25971 0.5525728580708247
25975 4.25683552726975
26005 5.759509182474403
26006 2.241555398543726
26038 7.742275718603483
26046 4.830554128216033
26049 2.1318603420851647
26051 0.30720788538152044
26077 4.961166970427902
26086 3.9449437332426682
26087 13.006996813157668
26088 0.028001080121118894
26111 10.481080665885008
26123 1.2995604513569758
26128 2.117475270260437
26133 7.270498501292679
26144 9.213030868439079
26150 7.27694326705906
26154 5.62452851964271
26172 11.58407961766125
26174 4.202083669744101
26177 6.564941450924514
26182 2.334760397820412
26187 4.475736758377693
26195 3.599529444340929
26215 1.8890657221669136
26240 8.66997988640719
26243 0.173631975188878
26245 2.6789405431839493
26246 8.579399910592443
26255 10.447231704289173
26267 8.666934671876355
26278 7.398878152721897
26283 3.3072766094372583
26292 13.19759346398649
26295 3.652839942575758
26298 0.24049953104432073
26301 5.741332913251842
26323 4.3444985569324865
26331 10.653522571856719
26333 2.523693316110057
26336 13.277792527430957
26339 0.028163385142269574
26342 6.834727730899159
26346 7.646682620537433
26347 0.004214771258848653
26354 2.954382366265321
26362 2.7661010988041945
26371 12.436596827544387
26377 5.640505146042643
26387 4.489953946179531
26389 5.293624395738126
26403 3.9006771257572836
26424 0.8862212308132243
26427 1.7070652465831742
26460 10.848557750593043
26461 7.292389192532675
26463 3.8931477084758
26464 7.613298722443157
26471 0.260654260076977
26472 1.6442080423853218
26476 4.727039545527054
26490 0.5168324184328918
26492 10.696756777802216
26500 1.6756903438354875
26527 4.759020616894904
26533 11.861359104403896
26536 2.33968053220107
26545 4.248218842929456
26550 7.760890344624321
26576 5.011200284955718
26584 9.637067395283514
26585 9.17212026092151
26600 3.449434818662377
26601 11.10596602292326
26617 7.457206703899119
26642 7.006807339839621
26649 3.655095384449047
26651 4.192020970614077
26653 0.9659315364252288
26661 2.974169786464416
26667 1.0900539435996621
26673 1.4546061765931413
26676 2.3828639569813226
26677 1.9814882646936935
26687 5.6572233447510225
26696 8.65363510123084
26698 4.178804854388272
26701 3.6723587425591444
26709 1.0247036496552777
26715 6.583249025959478
26732 2.1981737552611578
26764 8.845267110549747
26766 11.88430293270041
26768 3.7291350293282624
26803 6.396121746224112
26816 5.632652152654786
26824 5.636373892958176
26843 0.4917105899313732
26849 2.2820979277951174
26850 1.688152423459024
26858 7.075781523852549
26861 3.0234477439863854
26880 4.427223683369413
26889 3.609447969260114
26893 8.273419960858073
26897 0.233558740271995
26913 7.06988675902197
26919 8.990152174377085
26938 6.837834596676868
26941 3.671414654001511
26943 11.595900633360985
26949 1.3502872559217078
26962 13.016403596431825
26969 5.347628335285222
26980 3.142401299450821
26981 2.7331471351372447
26993 5.085352009723457
26996 6.348690202760468
27000 5.162419837602699
27001 5.846426717176087
27015 3.303791157696613
27026 12.875948680074107
27030 6.851913754697759
27038 12.165333080934687
27049 10.176659373821202
27059 2.218724570502026
27071 3.120868481086301
27079 2.5850718744411774
27090 1.4882893007502787
27094 6.791830540460768
27098 10.738822038271623
27103 11.994010069349551
27109 6.803222927069801
27111 6.278373374011667
27114 0.7983994282074977
27134 2.084772111623761
27154 13.039353491145429
27171 6.542462114770444
27173 4.990890212766103
27177 5.6627757305993445
27181 1.6809348348437347
27185 2.635598341168677
27193 5.374572033441596
27207 9.903601316729175
27212 1.4848744499736755
27219 7.256937395611592
27221 10.763663455913612
27230 5.308255939157003
27243 4.93603259528899
27246 2.464362980513413
27252 7.140462062660757
27262 1.4752566364014004
27285 12.595452097167735
27289 10.131973410426626
27310 2.1101300684513222
27314 3.5192240133721007
27323 1.717933120776998
27334 10.54539739338416
27351 1.848720299662773
27355 6.4146845366774174
27379 2.011860954439179
27380 4.796788404681175
27381 2.633710046244553
27403 5.697967303865506
27409 1.7886870145915537
27412 2.760762835099049
27425 4.567902719192176
27428 2.883793954314816
27429 0.7946701584586552
27430 4.28615712692691
27433 4.752198189328151
27451 4.024664555472041
27453 9.06465795114327
27455 1.3275742426478463
27456 5.595022621720484
27464 11.184894313547527
27466 1.266340311827531
27468 0.36895845121173937
27475 13.26154991921161
27477 7.099813318516061
27478 2.4388532110612733
27480 13.524547660343607
27492 10.128590820482719
27493 9.601261309723206
27497 3.415893952263344
27501 4.253156782581754
27506 11.519642311784601
27511 5.134792516622838
27522 2.7056392094567463
27525 4.108049714107467
27528 6.947680489092862
27537 2.2147525089694695
27539 0.1171499688267417
27544 5.0005614622288395
27549 1.2144608971530542
27566 5.749566435289344
27569 4.7032316782176835
27576 5.613227702058083
27585 1.6940875965232458
27597 7.046614884749637
27601 11.300375988146369
27604 2.9332868018897678
27606 4.387777311218238
27614 12.517066744394421
27617 5.5459741781536405
27639 11.148329303616839
27646 6.3814674030409595
27653 12.277763826776269
27668 9.749357813733683
27670 7.744402808433473
27674 1.6542844647120938
27677 4.065216229133028
27684 3.0021430045674755
27694 9.07729342078529
27696 13.307303274072426
27697 3.964730142144947
27703 1.6838997863415495
27707 5.366030141661546
27711 1.905133876885062
27715 7.430601782570484
27724 3.381172015342106
27725 6.576155065755232
27752 4.494798995740215
27767 10.516339735260926
27776 2.926077733636748
27787 6.821038396560751
27788 2.4711025631327206
27792 9.380896598188484
27813 1.7321533532257072
27815 4.72157908356674
27821 1.2913120398215296
27823 6.171411047225885
27825 7.135631849242074
27835 12.378632935327913
27841 0.22156040720829845
27853 6.9828951057201065
27867 5.693355971223599
27873 4.116529426658707
27890 3.1316480136572977
27892 13.126926321769707
27896 1.7132853983167495
27899 4.681702500624085
27911 2.170573032760182
27916 2.7606354508817987
27917 1.260846191641631
27925 9.503610935848673
27928 4.0836683436523655
27930 3.110110891388432
27957 7.778668120319725
27961 5.31011546658954
27962 2.3715063864196595
27971 2.724349667030941
27976 1.0309975628386263
27989 2.4313843143252605
27990 2.7454325745757138
27995 2.3140824881511453
28013 11.84799786701327
28019 5.074037277733036
28026 8.58540944846886
28047 1.8967277888820402
28053 7.94237576059732
28082 1.1117228091426101
28090 2.363153067018937
28092 1.0118734828156852
28096 4.77638247734248
28097 8.934421964358197
28109 0.7789119520106813
28115 10.05513117017737
28122 10.855343333357764
28149 2.7420694354665294
28162 4.293754766597588
28184 1.087333046645493
28185 1.2554159180817057
28193 0.07363703521442798
28204 4.819659579317176
28205 4.231732281335556
28206 3.0216658335767397
28208 4.433510955897263
28223 13.142768386463
28230 9.7577130085659
28237 3.285857974811639
28239 12.423644349436422
28241 13.226058580980814
28250 5.325468960100845
28254 3.4967590057583293
28265 4.785398261488672
28266 1.0029015548699498
28267 1.1074373408330116
28275 3.17902780751586
28278 3.0056729834407645
28279 11.587978325463459
28284 0.12871605395607388
28285 5.596961008919101
28303 11.335009153227832
28326 1.5375424531587771
28328 1.260834310395357
28330 6.824101530829071
28332 4.439545407773415
28349 3.409857651131885
28362 1.9171813649715068
28363 1.7607674347390045
28374 8.542894185039392
28383 13.464113934252063
28388 3.1857682837623607
28389 10.512899527477785
28391 4.271112108958089
28405 13.267895030522544
28409 3.7741283833851997
28412 1.7042909524986114
28424 0.39464333032988586
28425 4.237858870002347
28433 6.676061182814422
28434 7.7356410597455305
28435 9.863533463455473
28437 2.8916209241059385
28439 1.8184780103876104
28443 12.789497280459877
28454 5.680581045328518
28458 1.1991913527979101
28459 8.348641027890954
28465 1.5508495014413268
28470 1.2197370461541819
28495 11.526130315914463
28502 1.6148888936137478
28504 12.15992245666448
28506 2.6419449528661487
28516 0.40119059887439373
28525 7.433428450752432
28527 9.882861143200557
28528 2.2859987485893005
28543 13.10832524282019
28552 6.420057712871246
28554 1.5610525585036417
28563 2.423750085168637
28570 0.8941775427977412
28571 5.882481130317128
28576 4.016797466991647
28579 4.415122781922435
28582 0.8225176866511786
28592 10.922599715272463
28603 6.627344359174379
28606 6.7862274206563376
28611 8.960369681013436
28616 5.263696565981502
28642 10.909821023589064
28644 4.939255945865757
28652 6.833074285236367
28658 5.866281565029943
28660 0.7414146025141483
28665 0.9442896238129873
28685 5.54977924362639
28703 0.7867701247080022
28724 11.981197410240876
28729 2.3961137560181274
28731 4.765230061067738
28738 5.685372143134016
28743 9.405526086669386
28748 5.552470117355624
28749 2.6623969347583403
28751 5.681748569498115
28754 3.4818485645465365
28763 0.34319651901830667
28765 6.548370847638106
28776 3.5630796986284854
28790 4.919201675983363
28821 5.59437580185688
28827 0.3598992907202137
28830 0.21239845496202728
28848 5.064764866617951
28852 13.293216873756217
28862 4.603056493717666
28864 7.03690174195057
28868 4.1330396499272215
28876 1.5556307881081994
28878 7.404653001062705
28882 5.530081243971874
28898 6.598032273732146
28909 5.012649419463958
28927 4.708999501099683
28934 8.158741133918184
28942 3.9255076613159465
28946 6.543002783737946
28956 4.22319783670258
28971 4.7136699772205315
28973 11.209751017500823
28974 7.368727473750596
28984 4.132691353284622
28985 7.619981913760347
29008 0.22469231752377225
29017 6.250496977211053
29020 5.829211924092914
29046 6.892308723987183
29047 6.862178785699926
29058 4.782778054363653
29059 3.1560156096736605
29072 5.57783610178868
29077 4.540938665312567
29078 5.538685352503326
29081 3.947280071188011
29082 2.4059334238903363
29088 9.791834738763667
29090 1.605982783715208
29093 5.181142295571091
29098 0.24632338102348408
29108 5.266740590323177
29111 1.2472001454504686
29125 6.539566336238117
29127 0.6843518965659835
29148 5.591748440397226
29156 2.2726098976849185
29181 5.392980105794513
29192 5.811091782661497
29196 13.498905002282417
29199 1.31395579521633
29200 2.379597283062847
29224 0.5807489378762126
29225 3.2745840548926077
29228 5.733249414162463
29237 10.73464710723564
29254 0.40470870670320674
29274 2.5277347626826856
29291 7.219291750140555
29299 1.6412810268807636
29329 2.8087298843742547
29335 4.132091338613457
29343 1.1050256216321377
29345 13.154488471588
29360 3.7380163960231765
29362 6.614034342206163
29373 8.03966940485356
29378 0.39599066940139394
29390 7.375084712513042
29399 9.49756595153474
29403 1.9039053064508673
29409 4.695100074937384
29414 3.418864136866047
29438 8.072052659298487
29461 10.150134282040657
29462 3.7243816983151645
29474 4.57645068635845
29476 3.2412966170816038
29478 12.224321218623736
29480 1.2484137990517894
29492 2.000964884350036
29498 6.40017072183278
29513 10.26745248059735
29527 1.4203110586114827
29528 1.6798161878059124
29544 2.768521977972847
29547 2.612286331094108
29557 10.452554225151623
29559 8.887084140652037
29561 7.305292931133704
29579 4.118262986523985
29582 3.5357097784503275
29592 4.245460276680843
29623 7.5379415921946045
29643 6.7678421830515845
29653 8.119535710976225
29658 0.07968887873414716
29668 8.497386824729398
29677 3.1667652210480273
29678 3.5537027138894923
29694 4.816618691184861
29696 0.7159352635155689
29702 4.912723104565331
29704 4.053917147224262
