2643
12 4.912330795941888
27 11.054130522559516
49 4.555539891666354
59 6.368129780829201
76 9.3446208293858
87 6.048629170268426
88 3.3544974744077622
93 8.406082608112884
96 0.04426034945416124
98 8.086356657475203
99 5.651784883609421
107 11.905708102698549
108 8.334674113785074
111 6.024627506843427
122 6.547620119713719
125 10.797382450383298
127 5.968009933196711
134 4.923419926248759
145 4.4853906843103655
148 11.606892708678835
149 6.890817437729753
153 11.564693314098689
197 1.563811252123755
216 9.272255890283166
218 9.438059174475194
221 10.931403014005165
224 4.850600993959929
240 4.484626578942723
249 6.325459947969843
255 6.355851398215515
270 11.924565372648361
279 2.761939779488338
287 0.005824185476288236
288 2.7473947234208675
309 9.236812320352785
314 0.35618232016650525
318 6.222990804196849
321 2.7520247773751287
328 5.683858536140551
334 11.71920955436507
345 2.627322435291268
347 2.603799870629653
348 8.546664091308676
353 4.199233437676832
357 3.1011800277427355
371 0.295303303962979
372 4.133608301410861
376 4.384295854321489
385 2.796449104600176
406 7.326861881402414
414 5.6056497580206575
424 11.833805154785553
436 12.149239106379097
440 9.482440430158404
448 8.964448190314558
453 11.168430454978976
468 5.932649488008705
480 6.613271741211487
511 3.0831144449361596
525 10.4883167194596
535 0.23384846649966276
537 1.0058625551570093
538 10.118169652152828
552 9.32214219632314
564 11.818670422985745
569 5.738619198009122
578 2.727277005212058
584 3.760436669136893
596 4.3607483268186975
606 7.379251441306006
609 2.3261003534457094
611 5.803830550584792
618 5.952401243678836
621 0.18926562118275123
623 11.767855506687207
630 7.080172871668125
637 7.565103335954657
639 2.7710361925891016
643 5.645147785509767
644 10.83837019172087
653 6.837734366454284
654 6.360651441621678
675 9.775233942321423
679 6.779715795463643
692 5.102656241903211
694 6.833803204645784
709 6.772115619615329
710 0.9472822756697599
714 4.3009539330107165
715 4.382007348431781
720 6.315306667254959
736 5.503712612375095
749 5.845099728098243
752 9.423668127065987
755 11.560067873994628
777 10.658891783984185
779 7.418245463948693
785 3.964583640874618
793 5.702172582081004
803 2.7816852214583085
807 2.2942884866484885
822 7.278088635347808
823 5.962510441543284
825 9.539216020708952
842 4.423924895494994
847 2.130278477939944
860 6.894046697749756
861 4.659872479401669
881 4.148892684022323
886 6.7949755942328585
909 4.958075339917107
912 1.5693169432619867
929 3.414365615306387
950 7.838141117860533
953 2.7572421855025673
958 5.136345086881494
962 11.444360323498417
965 8.530542327075805
966 4.133275055066397
974 4.427443028369542
978 9.633373792638672
991 5.628577000251448
999 4.184490697080887
1007 5.681985931234619
1013 10.726320735195971
1031 5.582149818280275
1033 7.1615796268553
1037 5.627665749943607
1048 5.035230420654925
1058 10.264996004797524
1060 0.3082923543251416
1066 4.171519532781402
1074 6.407302669813508
1082 8.491564844243054
1085 10.891831879725942
1105 5.999615330521685
1109 8.584347594990392
1113 0.2928998276867171
1123 5.705349583093812
1125 6.362453626738649
1138 7.170213269136431
1139 10.586496690880923
1150 4.829378553266307
1173 9.30189826887771
1178 8.69134424483349
1185 6.562270645881699
1188 0.9834642074659168
1192 6.261592408265241
1207 8.030266634100066
1214 11.17865191223293
1220 2.985216094899072
1223 0.98824028325282
1231 11.080923656990382
1234 5.252657528347298
1238 0.058316805342387985
1242 0.007692887879551082
1254 6.468930979473203
1274 6.482977812279241
1277 11.128349711699778
1281 10.15647478933327
1283 0.31941755592011206
1289 8.278484325076649
1290 8.872961735727229
1293 2.741740514271529
1296 2.668073893525152
1297 6.019274385922816
1301 0.4957363561719355
1305 8.402916987208835
1317 3.278005978271739
1319 9.353430920105659
1332 11.291868790262201
1333 6.290854543862153
1336 5.953660114742829
1354 6.358837625307084
1365 3.1959182422646815
1368 7.735105450503029
1372 7.375977301308709
1379 5.641849926754544
1383 0.3982560782529254
1385 12.143723437376368
1390 1.4752333586602446
1392 9.617513379131614
1401 3.253408879024124
1406 2.321653816683878
1410 1.1171132581029486
1417 9.130518465990148
1420 10.835836260869707
1433 3.045494526514211
1436 2.7899464499552233
1438 8.397184196741492
1441 2.6483712909575123
1449 0.090838747546568
1454 7.914948175141395
1459 4.11245497742743
1462 6.665626075990449
1463 3.262551369119041
1467 4.445282530579711
1481 6.803155782353933
1482 6.799029511096641
1498 11.885407492685605
1500 5.659924883296434
1508 5.672022151374567
1513 9.90908630335396
1521 11.490824869351613
1526 2.84268426992758
1527 2.8674201487262323
1536 7.883568266193951
1539 2.6947094244289267
1540 8.644818738859858
1547 9.612776661968745
1551 5.199759263413494
1572 4.702112418385024
1576 9.75178035994414
1583 12.21249178439839
1586 5.587833918627699
1590 5.175264879528274
1593 7.572093946004516
1603 5.7569815560643
1609 7.050672387458785
1629 11.950845441740782
1637 2.7640260439722333
1639 6.6457849769747135
1645 6.734912220496007
1650 5.974667397349975
1651 12.141922629661819
1652 11.573679593292699
1662 9.817747061565907
1664 12.18084942809834
1680 2.568155962969562
1682 3.141002151503854
1746 5.799735023702704
1761 6.338900657678554
1768 6.099244497481639
1772 2.747798236194424
1774 1.997888677684065
1787 6.423736165793608
1796 1.001964784365413
1809 7.328070923943338
1820 4.090023503038411
1824 2.266770772834824
1837 6.156748011150833
1847 4.2903687893082765
1864 6.112098736900134
1867 11.849310016282601
1869 4.900879846660683
1873 6.129957637189905
1876 3.204816480778337
1884 9.432163453634026
1892 8.043997561166146
1910 6.478938288346562
1912 4.434054787828103
1914 5.6375082722306
1920 3.0236101315842365
1929 2.689870563158911
1936 7.535411891985156
1962 2.427621866662953
1971 4.402715483827882
1972 10.977889073690326
1982 4.931075439019386
2007 5.665631963498162
2032 0.1605399326861357
2036 7.562481060756191
2056 11.07301463533995
2072 6.306539316111656
2077 9.429663926301794
2082 4.835675911280795
2083 7.5937695064567325
2086 5.483188461772757
2087 3.3103853409558375
2089 2.8488738155664968
2090 5.9154219306238565
2096 6.017404476136336
2104 6.047962881690663
2119 6.8226092463354036
2131 1.5058370492877469
2132 1.5143982471817767
2133 8.270580969313837
2135 11.746369045643883
2137 5.625584705714293
2142 6.674566094352665
2151 6.101129582498614
2152 5.6085984102011945
2154 11.81620542754602
2164 2.7229610248592904
2169 5.596605186669344
2189 6.086261390008932
2195 4.5754588302321455
2200 10.290127544237754
2201 2.765423585702639
2210 1.0091670078589443
2214 2.3305170869168337
2217 2.1136373713934278
2221 11.592440535815271
2222 8.44317397932944
2226 8.518992095722965
2228 8.851065221993577
2243 2.6176753318925843
2270 8.41169778879769
2283 8.019477737715507
2296 11.708737014849568
2297 3.794176825837955
2300 5.63397925607985
2304 2.6555918529386644
2308 8.701390688384892
2315 7.9559534926661035
2320 10.138294989689891
2336 9.226236053921209
2338 10.336561268001446
2356 5.756231177246603
2361 10.24816578194138
2367 11.582349475826605
2374 6.621464428528608
2377 8.477840178530101
2395 2.740923365361305
2400 4.851387140558711
2401 6.305433052184657
2402 5.990939286520339
2406 2.5390470657419035
2426 7.111934404398582
2431 2.6297485887060725
2434 5.685882476335025
2441 6.089502442162141
2444 4.143771470293365
2448 5.732275061607641
2450 5.997710392628662
2452 4.90806883114983
2453 0.06732403002101141
2458 6.316571785027205
2476 2.106658291191794
2482 11.830070695517186
2495 5.086639936350663
2496 4.4361005809610035
2498 2.635721788781129
2512 10.520779275660603
2517 6.104627356567276
2535 4.0470086211761025
2537 9.314195107504855
2538 6.808924470071184
2541 10.52767350838531
2546 6.040863373298253
2551 5.578442565666722
2553 4.2176053691972575
2555 4.036361002026016
2557 8.542055860793106
2571 10.950830931085548
2574 0.057340301524303645
2583 6.898698542410803
2587 0.102139963683167
2592 8.023452590457634
2594 6.012969788440858
2599 10.269699298079164
2603 9.19558077546601
2606 5.1777493617079315
2612 0.4912925119155168
2629 10.201386369653486
2638 9.500937972678459
2640 6.348964387561347
2643 0.0
2653 12.168779433898878
2654 1.2354741210750217
2661 5.4779183635304936
2665 2.8056716260955317
2666 9.004113579063816
2673 2.6446124914377047
2683 8.424914505376154
2689 9.549872286121472
2696 7.8827604101002215
2702 9.119344010230806
2703 10.253131341015965
2707 2.8913621203462934
2712 4.463023775339841
2717 9.040527618677578
2718 2.7689848922196205
2724 12.190388688835114
2733 0.05536144680066598
2748 7.842753080486503
2751 2.334905391383038
2755 8.938456736205563
2757 1.2472199495431944
2789 7.923152537493136
2794 3.7058735187582594
2802 11.826196776734943
2814 3.2347347998809655
2825 5.495083801061356
2842 4.541712837542275
2851 6.20950313295539
2852 5.610717512628645
2854 11.240420729144201
2857 7.31569247697824
2858 1.4958259534972933
2864 8.41504388875291
2870 4.536502695140653
2887 5.651330594660012
2923 7.628942457311384
2924 10.85650709047427
2930 9.686047210884848
2932 6.309934862499868
2933 5.113435701072236
2935 11.014209400641056
2940 9.218465053241362
2959 11.069169410816757
2962 7.308229314761773
2963 8.986943951811323
2966 8.425055367283283
2969 2.6064692498708335
2972 7.640281893341463
2973 6.76266188752229
2977 6.611185588076348
2991 11.821258356573384
2996 10.927379932066005
3005 5.671241379368723
3007 1.1363681370025507
3012 3.807667302055191
3017 4.708206667443037
3020 10.253133374647744
3030 4.860113046575316
3037 7.654778783678245
3040 3.0684759827823993
3042 9.177108170597041
3045 7.964440313852811
3051 9.15755992134868
3052 7.104761913676552
3061 9.575562865228134
3072 9.434742157620812
3081 3.0367816895385977
3100 4.470620754538715
3116 0.0559783283162447
3119 2.790317923419482
3125 2.464755527554738
3139 5.802321412723548
3142 9.37683862021191
3154 6.810056853006763
3157 10.268496324181795
3169 6.030706638151167
3170 9.02566752595982
3171 8.170890027019748
3175 2.7832656135481724
3177 5.286684959223182
3180 6.436156269656208
3193 1.4661840794080856
3195 0.0394988419195697
3201 2.5994073648730636
3203 0.003511422943832206
3209 6.855932932325337
3210 3.218508347000422
3226 9.467690143534591
3229 10.73446101759663
3234 8.097841142667667
3252 8.474691932617457
3262 11.998971471828757
3269 8.447355570501317
3275 8.48552018538697
3279 0.48199266205130875
3294 8.671898090777784
3297 0.10575976127272038
3298 7.127052520059029
3300 0.037620731732459
3305 0.552334465096032
3313 8.469359986797693
3321 10.245055730326873
3324 10.513748020622167
3354 1.4875543834472387
3358 2.7819932173624218
3367 7.7103511750031615
3390 0.11249012251577323
3393 2.72711687281458
3397 9.59288612139621
3404 1.436973839095606
3408 4.281411699355164
3419 11.725914347022826
3420 5.628734474131304
3422 1.2231581338129018
3435 9.29206512181231
3436 4.377590688019583
3450 2.664485418105235
3459 7.607082741334088
3465 4.8363302826673165
3470 2.6473231225101066
3478 7.321821512768195
3483 5.551272659889329
3489 11.901121440009781
3538 4.393255170601988
3547 2.625052025143617
3549 0.2853953890133025
3559 0.07198198540888827
3560 6.35858568516409
3564 5.672596341656476
3574 7.860291462935391
3577 7.360712055862499
3582 12.005690499592998
3587 2.396446719678696
3589 8.569226920497327
3592 2.7971487864139375
3593 2.6988585671679846
3594 3.6307260215767583
3596 1.1572485040826663
3598 6.466528254859212
3632 5.4993676002675205
3634 2.405508285986938
3651 6.965969359916151
3652 9.543881221953876
3671 5.714063094691747
3673 9.581782702599051
3679 10.278296649732875
3694 5.954579240243718
3697 2.669918624631372
3702 0.2456706935845253
3703 4.1609318749146
3708 5.528209485856395
3710 6.356510793202395
3712 7.149675886422712
3716 2.7542335461394294
3723 5.676723993704095
3725 7.781180746241506
3727 6.862443533443358
3731 11.101217562513549
3740 9.870750500846846
3742 5.938747023895974
3745 1.4448851588399054
3762 2.764892233749149
3763 4.647683106237122
3785 11.928284609846873
3789 5.244488646066584
3795 9.27983239267963
3796 6.753303337474603
3809 9.53441745772734
3814 0.05860902301568423
3826 7.693137330652116
3832 6.4065455393091035
3848 10.005313817071013
3852 10.009339294353405
3855 9.067198675521059
3858 6.01245422551025
3861 0.41582170686627185
3867 0.9353292167692189
3874 0.05761462084134688
3875 4.680532313850786
3894 6.462233585739293
3896 5.9479378715809865
3899 6.122503194066441
3908 2.02548555467591
3909 5.818410857871335
3921 5.76210037016865
3928 2.7574396221793602
3933 8.063097876476885
3943 6.4684356622647075
3948 2.678645009303988
3976 12.133015939036907
3980 7.044509615757354
3982 2.7501269876011287
3983 7.742923542602639
3985 7.000827194765179
3988 1.162302791023276
3989 12.046883907412205
3994 5.6359994945025615
3999 4.235253393024002
4001 6.397734136390865
4003 10.969782631387138
4011 2.7218322144838507
4036 2.6546320371615892
4037 4.803661003574135
4040 5.608631368981852
4042 8.405233898341484
4048 6.322718483342965
4088 5.6158677510353705
4099 6.661551333713554
4105 0.02616049312612033
4110 6.988081980898322
4125 5.674848162954804
4133 6.81605639185188
4134 4.560408510083098
4138 10.181853775186656
4144 11.259520364958977
4147 2.414489334778354
4150 1.218679613713583
4162 9.234887065477134
4165 11.909961950808162
4167 2.766590248164928
4170 5.9737713575723514
4176 5.8326946768659225
4177 3.6989382553719445
4202 8.525204807983734
4206 3.8985396645951504
4207 4.955403885258308
4208 6.430231749413825
4213 9.204447164157042
4214 7.971581467762127
4219 4.79175675331059
4239 0.41997921639171765
4252 5.7131018761708185
4261 4.211254937142417
4262 11.393076306021504
4287 9.346122754869926
4290 9.448575372925514
4310 8.812263927189388
4313 5.07864362491086
4314 10.446824345569048
4326 8.345554832585009
4329 4.99125977503965
4345 11.602658062783872
4348 7.21396820598395
4357 11.80206758145852
4364 7.7840417662279995
4365 2.7667995981200084
4366 5.63288263095623
4368 2.3477931176142315
4382 1.6308495277503363
4383 6.046886141722974
4394 6.390329038451138
4396 4.3923595820775345
4397 10.533799342492504
4403 2.8050871096604637
4410 2.3721528910803173
4415 7.851331282042125
4416 6.929091855998927
4424 6.079397873509144
4425 1.1916741679819916
4436 2.418880708458215
4441 7.246263786444264
4454 6.061858929307382
4456 6.455511822933542
4463 0.05241076933259393
4466 7.365841217403447
4476 6.616151381861388
4483 10.703799450745882
4490 3.253137781870089
4499 9.126699515124908
4501 4.489837781249511
4513 1.250978400833983
4526 6.284141749414871
4537 5.506902366619984
4539 9.968631162133065
4545 6.617603655876624
4547 2.7940652094398244
4553 10.645851433917132
4573 4.377445237251399
4574 4.1278294549734635
4576 9.257320884863613
4580 10.263375493363805
4581 5.829075226723231
4582 0.1869044889567251
4587 10.990525435062606
4598 6.620529863412135
4606 9.45127337450047
4611 0.9906344146628165
4621 1.2243529350606015
4628 9.490870072472589
4630 2.7367882145940685
4645 3.259620582978199
4648 3.1396608628157847
4652 0.33415742077122373
4657 0.9981666016890219
4681 4.153496893266796
4687 6.878066425835281
4698 7.256276872995459
4705 9.765501023036757
4707 11.963022197429808
4717 4.467259232186912
4728 5.6549878325281835
4730 4.584276714256333
4734 0.34174425366117017
4737 4.828921957270275
4740 1.24477961319785
4746 8.123882512349903
4751 2.768533297222845
4755 6.365089693947758
4757 8.107968738598466
4767 7.138965511859719
4768 6.6318200588154905
4787 6.082946646491711
4790 10.741243340409003
4796 12.172147741988724
4818 4.382311111822166
4821 5.754462586517264
4827 10.711460602266579
4829 2.77528814547318
4838 6.351640410436725
4843 10.94413689745708
4860 7.801257203705781
4867 5.67228924860873
4870 3.1091180634714344
4876 11.764628636082717
4880 8.2406903688206
4881 2.7993907407218384
4900 3.18545102330811
4906 5.495645049597618
4910 0.20658164075340907
4914 9.134853748866231
4918 9.388066330969957
4923 1.6092446786509724
4924 7.854352293870436
4928 5.8221514506431165
4939 4.497652799514253
4957 0.4626043594332613
4966 2.7597219454657083
4980 7.5543016811714265
4987 5.995730050336889
4992 8.834367459664271
5010 6.162424433899101
5018 11.819248725987539
5021 7.992019932227397
5029 6.84313127276636
5044 9.037705856493897
5049 8.154197638714336
5055 3.3878706534756327
5060 9.438278248460154
5061 0.2733133106771555
5075 6.338833337042953
5077 5.299065201156227
5089 7.566876792458224
5094 2.2294532999389203
5096 6.402604983880168
5108 4.693600371644056
5110 2.7087199868712215
5111 9.510909531479967
5114 3.2406673180016967
5132 4.714098309071189
5138 10.226860935356445
5155 6.430948301493865
5162 5.449359543108962
5166 0.08893302802428142
5173 11.08750607092
5174 9.218215552384216
5176 2.1186420114789315
5179 2.615234142148351
5189 9.48887271897086
5193 11.738210999457307
5205 6.636373239650439
5208 6.656034464506126
5219 11.938105868239768
5224 10.923361719779322
5227 2.707619198518927
5230 6.76603953864154
5283 4.100276537032574
5286 0.3223418174976364
5288 2.733263511221619
5296 5.9235493770944485
5304 10.004270398281985
5310 11.287043192812533
5312 8.069586310736932
5325 3.696204076301003
5327 11.114554306266996
5328 11.585834198441082
5330 12.194459373711522
5378 5.436404897761104
5380 10.792368145211302
5387 0.04887481798183851
5398 9.56080169502221
5402 2.1235620657626026
5405 6.319506066649533
5407 9.667747146668386
5408 9.585863519084274
5411 1.0865672826682475
5420 4.821607498155604
5427 11.469836044337285
5430 5.982932562509221
5448 8.611651713153615
5451 2.5966424991863764
5466 11.786711254573547
5470 6.43824139867688
5481 5.646778226588155
5493 0.07183140621463921
5501 0.272879879617253
5529 4.422242473185041
5536 9.408436324040574
5541 9.03102849379198
5544 6.739561736745027
5549 4.624264579322757
5562 2.7400416821338274
5563 11.516471354662555
5579 7.073990026578064
5580 6.8669404275983315
5597 5.800967701038599
5612 9.39157161683854
5617 5.050045020981565
5622 11.108075904488242
5627 8.530553436265008
5628 10.131737618559153
5670 8.03707844298207
5671 6.001602279334459
5676 6.201722232030554
5677 6.617570998939684
5679 1.0125038140912799
5680 5.999918441371899
5687 6.922314865526071
5696 0.3693600726720032
5717 2.368143103818346
5721 4.337665179600178
5733 5.647691436803587
5739 7.853714029948754
5748 3.3506514750980765
5752 4.425137354647347
5754 6.594951529306562
5765 1.511658473911135
5769 5.728197607137275
5777 2.6753849878821123
5791 5.409503724828446
5799 5.569122925962611
5805 2.769392472543923
5806 10.65019166724695
5808 0.02829406278012552
5822 6.83102838417803
5831 4.122353354255617
5846 8.95968937578766
5861 5.649796645631802
5874 7.053603746008065
5879 6.456807638519507
5893 9.84441981092396
5910 8.102383601772518
5922 0.01796290635808613
5926 9.092939194285183
5955 6.891399062893556
5958 8.29557322615359
5992 6.418775426834129
5993 6.743835905507632
5994 4.95784518736569
6008 3.116646671601416
6012 5.082053217843648
6017 7.026296395332858
6018 5.0019521869339485
6028 8.509052962175153
6034 5.05567871283655
6035 9.98759273229286
6052 6.8445059130794945
6057 11.614717740493235
6062 7.491048984816158
6067 3.66860451751311
6072 6.901312205080487
6079 9.211819199490302
6088 5.629997920903686
6090 3.0606606794507365
6098 3.115698712356236
6102 8.524748748340672
6103 6.860313055439838
6108 9.832335184118962
6111 5.619308842145989
6130 7.985177983081384
6134 9.36910852507847
6145 5.8605628160934184
6148 4.999298925761662
6160 7.542707110467456
6177 8.503330450544805
6186 3.0996054246915485
6189 10.628079557485266
6192 4.297319613355532
6210 5.362255196943838
6223 7.681547493775025
6269 4.823640293501242
6270 3.9258633954892863
6276 7.186363567284957
6279 11.672856169829318
6285 5.938281027210584
6288 6.107771359119012
6298 1.0890547132495185
6306 5.622213651377038
6315 8.52662513474391
6316 9.142414490674653
6339 6.424086647319749
6346 3.3846143578996166
6349 5.607830636642337
6354 1.1069613024682143
6366 8.078146951320855
6374 10.667394851163623
6375 6.610318496501248
6380 7.594723673721348
6381 3.7167715850563083
6382 2.7158351137158094
6389 5.902649347006248
6399 7.07394960040369
6403 6.551328672227641
6411 9.621470539166626
6430 3.129373802205351
6447 2.8788786214394864
6448 6.40861832237685
6468 3.4224465835330675
6488 1.5907308590508658
6508 4.861401674998398
6510 2.6501542705170924
6514 6.281253451528366
6516 5.2865226452286604
6519 2.2483161998472956
6528 8.288743047267657
6536 5.983459898562073
6537 6.985151685798784
6539 5.05836764847064
6544 8.686313084635056
6545 7.936020096838532
6554 0.9393291631356091
6558 6.319024605377559
6578 2.5363671991185197
6579 3.9881074995470613
6593 5.99836186460151
6610 9.571319533196055
6619 9.497541978191892
6640 2.7681807799946467
6645 6.8695625579824915
6665 5.873288669414171
6677 6.074911220705552
6685 3.0679821338052458
6702 7.584843366665372
6703 6.804338924899986
6708 7.0388934561321905
6711 5.590591941847466
6717 6.117507836937949
6720 9.242196931220164
6721 0.3371781600033971
6722 11.645424339430665
6727 4.488363953455306
6734 9.254202126637223
6738 6.055745519712865
6774 3.121191454546965
6775 1.1695384493613858
6785 8.706453803385527
6786 7.905009025125601
6790 1.0816344930872768
6801 4.384012428082007
6816 8.877114958676888
6821 8.536330560680216
6822 7.896274622729491
6827 2.8625511212444197
6832 11.59578592780573
6834 11.521457582209244
6835 6.325406556394585
6839 7.690061346174471
6852 8.090671761592656
6853 4.8764406208159725
6861 11.951011900616411
6864 4.117224672379249
6866 5.637204763774739
6867 4.818823082012636
6875 5.5707305869164285
6878 5.15261223920528
6881 4.166214514421177
6888 3.4667453802726382
6893 9.249666345695642
6907 5.311938672839683
6917 9.553686591616875
6926 2.4486904954617024
6933 5.658095875928701
6937 9.245922025589282
6938 6.240743618678542
6942 0.37422366436499244
6959 6.664807431955977
6967 0.08718790826095321
6974 10.28292097161063
6985 11.123338915040847
6986 5.859051195338974
7014 7.631065029367835
7015 11.679603831965256
7047 0.4577295300094372
7052 10.320706034723559
7062 10.039765423545816
7073 7.536055461252146
7076 0.013791738554936423
7084 2.541767441568683
7088 6.3952999200228415
7089 5.789207635104342
7099 7.5981907865710525
7119 7.11865424128288
7122 1.5171737433735313
7125 9.357516547775173
7144 5.643038087141065
7150 6.7048529643864745
7151 7.752060967778698
7163 7.62853885415062
7164 4.618120257524791
7165 8.68878579602086
7166 8.906373064567486
7169 0.0339693826353068
7171 3.3576350846676655
7189 5.614991017779667
7191 4.47026643144405
7203 3.407875174860041
7211 8.003285884695012
7213 11.458449504944257
7219 3.2050291578381387
7232 5.760382783255089
7243 6.992852381483289
7246 11.498495252017987
7249 0.09658945738296323
7250 6.0550218467594314
7259 1.2937063479751454
7272 8.747963627319717
7277 8.13417058930839
7295 11.956236853842459
7318 1.4916615397009267
7320 2.56225117997632
7334 5.725510118451104
7346 6.080292697328941
7349 8.057660710953737
7359 8.726782511028288
7361 5.595655013606067
7376 7.168089794772266
7386 9.853902120629426
7406 4.097412091398952
7413 6.142573718902416
7416 5.666098507310132
7427 10.54004708303711
7435 3.271404863361176
7438 9.233069973849714
7442 3.0610374846321244
7447 8.664905271364848
7448 1.1673501311591246
7459 6.0969707363702
7464 7.312887096852693
7467 8.64847350686266
7468 1.1079618516649996
7474 5.5486500986933835
7482 8.496989689462392
7489 8.366295997585784
7494 6.236680432940606
7503 10.548168112803125
7525 8.491695536523196
7526 8.108201215667231
7537 2.03895843024007
7548 6.544943189732107
7552 11.16115622757173
7560 7.6100452450584255
7577 9.678969298062482
7578 6.448309823004166
7580 11.958999948082194
7590 3.415240897595927
7604 2.042093530880015
7624 6.044930149130239
7635 6.048778757291518
7639 2.678594166510841
7644 7.060448735735643
7648 12.098835701053519
7654 7.56912757520606
7662 8.607049260488939
7664 1.6364213922705397
7666 6.22379627874411
7669 7.7932306606965245
7670 9.79380852630735
7674 0.19147674404787718
7686 2.0151277463669466
7688 5.579809060264752
7694 7.516462770052883
7706 6.4461833117066085
7710 6.220440646425698
7721 4.656254707738729
7726 4.262391489433961
7739 6.693799155788533
7741 7.701110662420588
7746 9.399661388094065
7753 3.74354098310334
7770 7.250394402708689
7788 10.30290610575438
7791 9.823082710592823
7795 8.955589769340323
7810 2.677237551436882
7821 6.608192116392372
7831 6.7910470479934935
7842 2.5966428361931166
7845 11.092729896198305
7853 9.464435496006153
7870 4.763003653586083
7886 4.40088758783831
7895 2.7857681963042777
7906 3.0925130425330574
7908 7.037389708739737
7911 9.02217884369716
7918 7.99122818282964
7950 2.8008540598253915
7961 4.189356030880026
7969 7.046663917716659
7979 3.0396951183557794
7980 6.037952863236585
7991 9.94075356840257
8002 7.217732103463819
8011 6.748007873513067
8015 6.017012972796592
8022 2.5592147794747206
8027 9.497706979468898
8035 3.2362760045298793
8045 5.076352427863298
8048 1.7862531651392408
8053 6.847305047162145
8061 11.990383685057465
8063 10.842474602422197
8067 9.317277046685183
8079 2.6108120195297277
8086 10.506985267016287
8092 6.6393278399481135
8104 3.8799681591143584
8118 6.5960004575639255
8120 2.794112574905912
8128 11.78922638262464
8131 5.635765270622763
8135 7.057257603667772
8144 5.582038159351494
8155 2.6203635467997004
8158 11.061624579300295
8163 7.456950268526861
8184 7.5323225205477735
8191 5.625416921508697
8215 1.0239646178851904
8217 2.704390979615561
8219 9.492858481811593
8238 3.730517644266579
8241 0.07716902625936947
8245 9.221824009315789
8249 4.675126849793657
8250 6.347661882666398
8262 6.4058945072955735
8269 2.795342193236808
8274 11.694750237278148
8276 4.386509285420363
8277 9.599672544479285
8278 0.3004885068856146
8279 0.019793369744829623
8280 5.565399102371447
8288 11.969940763266527
8293 5.93122555933178
8310 5.119812875126456
8316 3.780277920746268
8323 8.73386475096382
8324 4.447029707383783
8329 2.695129678466112
8338 5.744640325502615
8348 2.339226001973816
8349 7.084589794936567
8361 0.36124204143394506
8367 8.711466555677358
8370 0.4867087500245224
8380 2.88193399617645
8401 10.249175994759009
8403 5.569698796776761
8412 4.529029211743642
8422 9.655529961715459
8429 7.52847908796846
8435 7.553664597386197
8437 0.09846447922823921
8438 8.009533850725362
8441 7.738930523292731
8442 8.854627514166726
8443 3.7125173244704337
8451 8.869281519267528
8458 9.37799231928542
8465 3.1321239187289884
8466 7.100760903248247
8472 6.066205526934807
8486 6.461760559055376
8523 10.918163062136506
8528 4.432021966848254
8529 5.558220867649065
8545 5.669640369945511
8549 10.850119987191023
8554 8.963704915348583
8559 8.34027355971079
8568 10.567253393176312
8571 9.112662793206638
8578 5.70664547224296
8581 10.045978332458295
8592 5.805528663784674
8601 5.797163441925876
8603 9.029611980896103
8609 7.327862595457459
8610 2.7388390903077777
8612 3.2085922204668678
8619 9.201921002484408
8627 6.114709276528512
8634 5.878620111981914
8653 12.138143523168486
8663 3.4261844166618145
8685 4.212223394932534
8688 3.653048989316494
8693 5.3984418781132835
8694 7.867978819771892
8695 10.835728464465188
8705 6.07684750265308
8712 8.579797415745364
8715 2.6529839388499026
8738 5.794437436273929
8744 1.0189618427282219
8748 2.630065492271721
8750 7.0121229834312615
8752 8.134468732045965
8754 5.7114248467562945
8763 5.665562863757255
8768 0.011824288141227718
8770 10.66504312001538
8777 9.382938968758554
8779 7.892025104674786
8783 6.0264553950084405
8786 3.212376058943382
8789 10.280586493835482
8798 4.358587087431419
8802 2.0456183865712805
8812 4.479859303332675
8816 9.993497348938424
8819 2.795855130352877
8821 5.961903769362918
8839 6.078155551287972
8856 7.242079648549501
8860 1.0257012260134224
8868 2.2989066975965002
8872 11.174992721150955
8879 3.136317046632927
8883 0.12272168560303003
8886 4.121948102302002
8887 1.0194945095014754
8901 0.0017538781868080603
8912 9.225387453889613
8914 8.438626698703924
8917 6.986043850023279
8922 10.29163765138175
8925 2.085959789010131
8930 9.140016978946836
8942 7.070963263336554
8952 0.21694181661699058
8969 11.589149979440979
8971 9.276035578024855
8974 10.77277905973762
8977 7.36830783121453
8979 2.791158794946704
8980 10.307581518806604
8982 6.001447663423616
8983 4.404431999363107
8984 10.211452447096056
8989 8.530085870832119
8996 7.105237683703919
8997 5.234698736850805
9005 5.936728058047679
9016 11.864331394208147
9019 5.920422995415392
9033 6.167564872572217
9035 10.967893321888235
9041 9.780069305847075
9042 3.0893485092938726
9052 5.682513651221777
9053 2.269383750709726
9054 3.177258030767444
9062 4.4470480872772065
9069 0.07523941651085181
9071 5.779352919978209
9072 2.751998838304029
9073 6.380196600845197
9101 7.231207819689968
9102 6.509014487731291
9106 10.068818348571728
9108 6.652540441146513
9110 8.630217919858628
9120 1.0684436641689004
9121 4.522575259874752
9131 8.564087370355692
9135 7.808771028184715
9144 7.616696774648454
9163 0.2479272259389887
9181 6.427615534413574
9183 7.234471528499926
9198 2.7710057847594363
9203 8.948687722352458
9206 2.601694013657748
9217 3.6256694396957863
9229 6.325849325165322
9239 2.6129160103346667
9263 2.400973230318906
9265 2.890460142998028
9290 2.550328885150567
9298 7.865076854005243
9325 3.705169897623655
9333 6.233444098171976
9344 7.768793169310917
9352 3.1267204148542893
9367 5.940072970349281
9369 7.206512478091844
9377 5.648075111982923
9380 6.630483032237676
9397 9.653795066541752
9403 9.529489197575147
9405 9.048686649942708
9406 3.4061311609092892
9428 7.644244871713878
9446 2.6039566909663328
9455 7.135457804254468
9477 4.375296524685105
9479 5.842786591793115
9480 6.2301914634882
9483 5.989366481026043
9489 7.271864784672669
9492 7.505220911443135
9493 12.13543554125206
9494 8.623790618420037
9500 5.518455786194968
9501 11.836710899244412
9511 5.618091194667157
9514 4.405386195491367
9517 8.460451425908497
9522 11.586536737489991
9524 11.186369151482399
9527 4.92727836670051
9549 5.698247923244897
9556 1.4991928095385445
9559 7.579255110248351
9570 5.8364699482997935
9571 0.36429612636961795
9580 6.107056749169319
9597 5.58427062830331
9614 5.539862737066513
9616 5.649396499706463
9628 5.243237477930268
9633 10.830937374060833
9636 6.735397238922499
9640 6.75597449318473
9646 5.54232457515861
9653 0.30555628698699144
9657 12.149994185621875
9659 6.071156795429303
9665 0.05888988484569477
9667 0.06921891098027178
9674 4.316888938040106
9676 0.42410370974780065
9685 8.818585499238608
9702 5.863839346375223
9705 5.7460253314733745
9714 6.354232720167551
9717 0.5044429653391101
9722 6.59268674884292
9733 3.0323856808843845
9740 10.954717201644392
9755 9.954241371375746
9773 7.3885868055672645
9776 5.659738120378087
9783 7.276360394481658
9790 11.901499895308072
9791 7.614819691787099
9821 4.1278576627453285
9832 5.8087782073044725
9836 6.410597458446235
9839 6.572197207784841
9840 5.132319694350961
9842 4.472720765299975
9864 5.825610801627606
9883 4.572004200810136
9888 4.4299502567299305
9890 6.888594772313306
9891 4.221914193765211
9892 10.997173798612884
9895 6.3031335862575615
9898 5.5739287943440585
9915 4.387843586795434
9930 8.666730749054567
9933 4.692306347123889
9936 5.735094048561305
9949 5.536696342302324
9956 2.308744367442181
9957 7.308520491946687
9965 0.46743083309237904
9971 2.6753297598282177
9975 3.3676557247565246
9978 3.4494072103789657
9979 4.4333135032434905
10004 10.498013499870233
10014 2.5152418963364394
10019 1.0567773537611025
10040 2.644403744257451
10041 8.045774422291128
10042 6.879792313570856
10044 2.01851949488463
10048 11.871432868783133
10051 9.403719346595942
10054 5.331707016367918
10061 7.540318514048294
10066 10.104462699421866
10074 7.134535493441306
10078 1.2378079767880847
10083 1.5319120842935257
10096 5.498704116723893
10100 7.610558859950003
10107 9.5118358338815
10109 5.996055273040982
10114 2.7251392858960757
10125 6.597320465631424
10138 5.606738931910624
10145 10.240845162949887
10152 8.506431345060063
10163 10.124969785494866
10166 5.037995410037038
10168 2.779481536011376
10170 5.57611985139039
10200 9.297725898628752
10205 6.79959022835588
10218 11.571993087625259
10219 11.422749200570466
10226 1.4795521737603805
10230 2.863011430125205
10233 3.4555079024454445
10246 1.3235105908969091
10253 0.33119732772126814
10260 5.8120745356472
10266 8.480363871291543
10288 11.119475468728647
10290 10.258161793339134
10314 9.792808082459436
10320 4.106054833596834
10325 9.85383638579867
10338 2.8866707100244273
10345 0.046014038113739025
10347 7.863068920698678
10349 6.594174251731103
10351 5.919913735584056
10389 1.2137909244314136
10401 10.796233495292686
10405 3.181357426930328
10407 11.767092931446685
10415 2.593586271522453
10416 9.155498137846726
10421 1.3207622118190798
10424 5.408136397606016
10426 6.9442451335564055
10427 11.89121269248116
10430 9.529375158693364
10432 11.638752609242902
10437 4.370249745016488
10438 5.629696451608761
10445 11.966530730365726
10463 4.204324371689152
10464 6.699355380787788
10469 5.949910157086235
10473 2.5284728491018362
10484 7.289331110168325
10492 9.77142247690051
10497 12.1393021086124
10512 5.218458280464025
10542 2.0353582235276484
10555 6.471165945159231
10556 8.149532245598106
10580 6.368115654541831
10596 9.440772735964803
10604 4.986998640892221
10612 5.614864847072179
10626 5.942861324526851
10640 3.2317097435610456
10643 2.788539945093162
10646 5.966442473876394
10650 3.477127688596527
10652 5.932564959262843
10654 6.661780423144202
10662 3.0967800783417805
10675 10.675737087100023
10700 8.646177084735273
10701 10.819828045831878
10704 8.614542980706842
10742 11.07684771745926
10744 8.42050892867056
10752 6.758411827271769
10759 7.91838648807119
10763 5.616805512980288
10772 11.535741618793159
10779 8.896259426642597
10782 4.270664895565976
10787 2.431990306898294
10792 6.392480603821008
10800 9.427031554880623
10807 2.6386963760510924
10808 6.359071580245945
10810 3.93621096128279
10813 10.078459587657292
10819 2.657120991236856
10826 11.047871754166389
10843 8.690143155177152
10852 3.5375777291737425
10853 8.398647200836793
10855 9.484529914130265
10856 5.521174916275418
10858 7.549222546173844
10862 6.2269702940014895
10865 6.4814449615370435
10876 9.75880977501421
10878 9.69697102629554
10882 0.1828758456173383
10888 9.179706385075045
10891 8.203409979060693
10896 7.391511478051222
10908 6.819993548606355
10910 5.980888145374282
10918 3.0709459171081366
10923 5.667737846077542
10929 6.473345230901543
10941 2.357720079105992
10943 7.8832383870353535
10954 0.007963587025747794
10957 9.41163847812402
10961 10.90181560326472
10969 2.544678206407603
10974 6.4033834058841546
10978 4.180249962771364
10980 5.6588443040556085
10986 5.501676854895744
10995 5.389413067580228
11001 7.668783770748545
11007 0.061566591228429994
11020 7.37258357167211
11034 6.753674460683118
11039 8.18741066599207
11040 1.0481891857752281
11049 6.649813051183548
11058 4.489872046052768
11071 8.889408540649738
11083 7.193389750516863
11087 4.498272723181662
11090 5.099729608524607
11098 3.488467143723084
11117 0.10408133313286831
11120 6.299888665161913
11124 9.889030578491052
11133 1.614594625306087
11135 4.27433523675791
11148 5.9585577758914905
11151 6.102587758983503
11152 4.651776085228178
11155 2.7182109860579313
11161 5.899090943792671
11163 2.6858625626012267
11166 6.188298552986352
11172 7.723880718861923
11178 2.698832705073068
11180 8.983512099137414
11181 4.394521163600223
11197 7.205609853587413
11214 6.8090445134915445
11218 2.6073072442648537
11219 5.545951690070542
11222 5.906150604801006
11231 0.09274586170718624
11245 10.997222711984374
11260 5.806882205116164
11277 2.6385239015206294
11290 9.199258418948984
11291 8.858190938612493
11298 3.3748654506764773
11302 6.881443331887486
11309 2.7205004655151006
11315 6.364848249661429
11334 3.1124611094251273
11340 4.458383073626615
11345 2.653292141902393
11359 7.7478171212262055
11361 0.0341806060774645
11362 5.070394786834998
11365 11.635472645724374
11370 1.9269360183543276
11375 0.41150689361898485
11383 1.1102941489308098
11390 2.6220922086020697
11398 6.799950163616993
11417 6.371152443189892
11422 4.48111653932367
11429 5.937458046311902
11446 4.522323570294311
11455 4.721336517049131
11456 10.168148595287958
11466 9.25347715881097
11467 6.464497884152182
11485 6.274284661407161
11508 10.903516961204424
11526 2.729427799962079
11533 5.2450365408228246
11538 6.103074183498254
11569 11.776419916477682
11571 2.452611247604625
11577 10.000696412920028
11581 10.231779199162377
11584 6.064132337832648
11586 4.176596216308946
11588 5.494907068272164
11613 5.738630014217282
11618 1.5159427523249602
11623 5.644708030451806
11624 6.498813187096489
11640 0.9534464457360131
11673 3.0641757816566453
11675 8.594383532842487
11688 5.9349230201706105
11697 8.545109117949561
11698 11.865697599972307
11704 7.918526834481204
11705 6.983224820232134
11707 4.453340109537286
11710 4.380124276443312
11721 3.047500064625203
11722 8.4341510734874
11735 8.406475180379896
11743 9.575744139415077
11751 7.832946439704828
11760 6.109416302923463
11763 5.972916197590288
11768 4.762235274394182
11778 6.077494008913962
11787 11.74376971675217
11794 12.131260843984682
11811 6.882312705004051
11820 4.486912786029001
11823 6.4513018018328
11828 1.3333524403747476
11843 4.253509362287346
11854 5.865827665725344
11910 0.26994257241247865
11913 0.25806334124093894
11922 2.3171399892813294
11923 3.0840119248512363
11925 5.934678829181088
11929 11.826460601023694
11940 8.340072410432269
11941 10.705334491058615
11968 3.322528925095911
11973 9.39489416891891
11974 10.750183789427068
11981 6.271353031905891
11987 11.14777639745229
11994 9.212845186678326
12000 6.099127179320373
12003 7.966782800402291
12004 4.723885385075294
12006 10.981901872113362
12015 11.867687257995582
12018 5.646366136216874
12029 5.34860617162165
12030 5.704223644032069
12036 5.0825057666828215
12044 9.348991594242936
12045 5.189709077791265
12053 2.553322944678865
12055 7.249009649109991
12058 7.091450608232828
12059 2.614436934249002
12080 3.7667314732027712
12094 11.568340678251062
12097 1.2217083881718878
12109 2.0304810067173245
12110 5.915789829998021
12114 8.535055421590823
12117 10.718057957249249
12118 0.9958287575409576
12132 9.9468813104078
12137 9.001036661561884
12143 1.9666689310460728
12158 0.08103624814574723
12163 4.6294365940435505
12189 3.1494723451771707
12192 10.221839980440313
12199 6.608413055956545
12202 7.922543917618909
12212 5.536216788966107
12221 6.421338720285598
12226 4.429739853458887
12246 2.662732957786357
12247 4.353558350044002
12255 1.254647744211733
12260 0.07354228939146734
12264 4.9156074049537715
12273 7.374664206744526
12277 11.02167404433259
12287 6.866787206883448
12301 11.896736061952097
12340 1.4286605428546189
12348 12.136788404019011
12349 0.01899522955656005
12352 6.599367807753908
12353 1.456580946926181
12354 6.4533928425583555
12358 7.067190863943548
12368 1.7932350717109293
12372 0.009906908657085904
12407 2.7065109595565104
12418 6.5922444806726475
12435 1.448333800122761
12441 9.702626774513703
12458 1.1257193977340119
12463 5.09656422281076
12465 5.193781104503747
12466 2.444729855284934
12469 9.290442332826137
12477 6.050015051323108
12481 6.425026826432886
12486 1.3103673925414658
12490 0.0543260721737951
12499 5.289699625034558
12503 9.458223687826841
12504 6.392766694101548
12509 11.934982304420046
12518 11.51806024207288
12520 11.131543577183814
12527 6.08906926650645
12545 3.512098230408575
12546 7.798890355034328
12553 5.713830283930034
12566 2.5905428585809744
12579 6.9155610236284435
12595 9.747479274148557
12600 6.293718332093898
12604 1.097362046355483
12606 11.948052472343727
12612 11.100548621027075
12617 2.634425468780829
12619 6.34951302989225
12625 0.08543261309475844
12640 11.156609226996599
12642 2.511774013292009
12643 6.656079503265561
12653 6.7488573416437
12674 9.917428883374201
12686 5.043948982544322
12688 5.878235973986958
12696 9.982000382481123
12707 2.6004073598723165
12708 6.761491523563651
12712 1.1033346720271375
12716 10.294303612214845
12717 0.9594730193971565
12720 3.5263798210733945
12721 1.076738330089981
12727 6.3946616575976325
12731 0.2978667648264068
12744 10.349265287083405
12745 0.2756355826658438
12758 3.2810661861384065
12769 6.112476330464528
12782 4.945621485734839
12806 5.571816392815679
12809 0.049777005109180296
12840 2.0634701984477943
12845 9.698115527826676
12870 9.254898522918293
12878 2.63208987453794
12891 6.435543529976147
12898 3.7341804880842067
12902 6.370866570940579
12906 4.249961587632964
12927 6.316344236730177
12929 6.4080796267526665
12939 6.125296450078933
12940 8.260833228648641
12941 8.413304777543901
12944 4.92497901775956
12960 8.19565370974896
12968 8.723520248122849
12983 0.2902519741061807
12997 10.530733485328769
12998 9.735647789052708
13016 7.305164916664422
13020 5.584482339240819
13023 6.713988930598616
13042 7.579021980198508
13047 8.9863939042888
13048 3.7161927026374815
13052 9.936106020402816
13060 8.198398665708483
13065 8.996908068390521
13078 10.75777773634308
13080 9.168658059730848
13082 2.810084540298082
13083 9.181628868518958
13086 2.6816504833100336
13096 9.215156847903122
13098 3.2285634343938168
13103 7.498266759329347
13104 2.6814393853486123
13108 4.431634538292172
13118 5.797572290839564
13119 3.5537450648297626
13120 6.332286240312257
13122 2.456696968877035
13137 8.495305565501226
13140 2.7571093802633824
13152 3.042646852597204
13157 7.220051240832116
13158 5.769761806846031
13166 11.728954397736313
13169 12.197356401476158
13172 6.416759070674893
13175 11.249916081743686
13180 0.4308759400489226
13181 3.1123951090900817
13185 3.35354712558637
13186 3.3963613068121425
13195 4.846240074236964
13201 7.769152326444044
13226 7.282459386498936
13227 0.24266048902036608
13232 5.144501436313484
13235 1.7679805353280391
13246 0.1988967735229722
13261 4.95004834119114
13264 2.650374476482235
13266 6.99763633840679
13268 7.0195163604298685
13290 6.2748511138306995
13292 6.1276606971841305
13295 6.794796951685295
13296 1.4327569932809048
13299 4.438037720162871
13309 9.021659458962946
13334 0.005752082429763036
13346 3.5648359760245465
13347 2.829347661206518
13349 0.04751940952598053
13357 6.1324916439512895
13361 8.513492623261222
13373 8.012646167701373
13384 11.54501322626945
13387 9.784157612233662
13401 7.59910019559964
13402 11.813189239960638
13414 5.689016785410747
13419 4.150028572380398
13423 5.491743214378184
13439 11.685702582692722
13444 1.5875053462915265
13445 4.362873106470969
13447 6.908574782283478
13453 7.2226596874699265
13456 2.651301946506733
13471 11.78318122499645
13477 10.206374480315173
13496 0.009596208671468327
13501 2.801676515212272
13502 4.48195920830493
13503 5.776155075150111
13510 10.055658293593714
13517 4.961955058409058
13544 3.620676949492369
13556 5.225577105046516
13559 10.973827815698286
13567 5.384679706919708
13569 6.3757390319598235
13570 11.043537841734667
13591 5.621851108650122
13596 5.959322365214876
13600 8.114440110045004
13602 0.05970688183670223
13605 6.269142939608224
13619 8.284523818231602
13622 2.1334259683360153
13625 8.557522910104732
13626 10.58328391722713
13644 10.274313218980582
13647 0.39354452549389446
13666 10.524634212689659
13674 1.121925628279916
13677 9.500481604981758
13681 7.6052334316787915
13683 11.452009888683854
13690 8.416038191457213
13699 2.6194085362519446
13702 5.587897953389944
13703 6.783200105746904
13710 5.968723419112687
13714 4.804721275337758
13715 9.419819844098946
13728 4.187371816213283
13733 6.660471883475531
13743 11.119086196378513
13758 1.1177823472105644
13762 4.920963161301968
13763 6.655357901833046
13765 10.427607273374624
13773 5.752879650178283
13775 0.9932150833435718
13783 4.062626390857282
13824 11.596440713316438
13825 1.2098275441902167
13828 5.667538225260188
13832 9.194057635732197
13840 0.07911884615501463
13868 6.400297387856735
13876 9.454583520604405
13889 5.944823926821403
13894 11.599103224986699
13901 6.159547555273773
13910 3.0872980078342507
13919 0.2876487655100377
13926 1.597288821092947
13928 11.855120456968216
13934 4.287320469118914
13936 0.055524161041840304
13943 5.626673341236995
13946 6.827486229572587
13957 5.677609741139538
13962 10.085265336890444
13982 6.403221683525386
13985 7.61935329263989
13990 5.053035202919615
13992 9.188303030215947
14003 9.103986234222809
14014 4.4627209605548135
14017 8.941872429257074
14025 5.680542684230235
14033 5.677552082161723
14035 5.9788304745239085
14036 4.181692405808724
14038 7.900214154123377
14051 7.829917057476299
14054 5.976945845471141
14056 9.233006454757994
14058 0.07005880341098383
14063 3.3088410952388716
14065 4.351071099873971
14104 3.2008512796772113
14117 0.06069491253134372
14124 7.319312632229707
14127 7.299676050702233
14135 8.815429714637503
14141 8.805571199228318
14142 11.711976999427709
14158 10.804837272944274
14173 10.536903259038457
14182 8.83769494527119
14189 2.642752735833606
14191 8.554474741335525
14192 8.05157251287421
14199 9.633122318601897
14204 5.664557533029458
14206 11.560435755181313
14211 9.507233163602182
14219 0.015250053923512178
14235 8.05079011640203
14244 11.170403286986652
14245 4.1554985387846175
14256 11.689951628407382
14267 11.553076195599132
14281 8.717293676504323
14287 0.0716319521648776
14292 5.544710689215278
14305 2.3125729965924284
14309 6.999929616441697
14313 3.1051237264689733
14329 6.20500412784221
14334 5.138187897641639
14335 9.807372151429087
14359 5.596004171871516
14365 7.878136043450294
14368 7.322794954424704
14377 5.091290436339589
14382 4.3895344194511425
14393 5.655798533319947
14403 9.557146158334477
14406 7.4951205642500085
14418 3.3711619324969866
14444 10.573892571894335
14465 7.18076126572802
14467 6.057860491036271
14468 6.816105740602283
14480 2.6105731600503628
14492 4.139136423291757
14493 5.555510187483786
14498 11.946548983396031
14499 1.4614806364763442
14502 5.581546632790867
14504 2.0914483593151014
14508 6.579916897231805
14521 5.946203461129591
14525 5.5403007479723705
14544 11.092719236464914
14545 9.205147773230461
14553 2.8391715218781344
14558 8.710696817280686
14563 4.747668239635876
14564 2.786222082910013
14572 9.744695413999809
14579 5.5260246124645445
14596 7.139771832643448
14598 2.4687477787232726
14604 9.72566525919143
14621 11.70572316990165
14630 7.674323851067148
14634 6.417265673734932
14639 9.191926709383836
14642 5.848853680036982
14663 8.076246347471528
14664 9.297259135347236
14678 3.9920489628457605
14693 8.492094479072206
14694 6.839062026886228
14707 6.109578337868474
14710 5.9079811269953755
14719 1.5255939960041378
14722 6.542479658125125
14728 3.377960865385095
14733 6.042017693925533
14738 6.669153694297049
14739 8.809350745752381
14742 5.73165071020923
14747 6.074634454184157
14750 4.083638243064868
14753 8.513232976979332
14768 0.04820651435875461
14774 2.5562526548024733
14782 9.380285395269777
14783 4.538481959345403
14791 0.31680766990333914
14810 5.707272977332125
14819 9.365443601571044
14831 5.764694622890528
14836 7.656527515950218
14839 1.1311932286896709
14862 2.737095222808143
14878 11.917920490105091
14887 2.009355349965848
14896 2.723467995399946
14903 3.2091005246426394
14904 5.1345789787637734
14921 5.766587919714469
14922 9.228250448886993
14924 4.712232969827876
14954 5.631260406625095
14962 5.655854825940678
14972 1.090381414643956
14973 9.849066993429533
14995 8.102124222736062
14999 5.620065272531129
15006 7.524630684788572
15009 7.623950634695585
15028 5.641401467719925
15031 10.330138957847348
15048 9.017254556712132
15056 0.050419931601617604
15069 6.034660032457806
15075 2.356139730821583
15088 7.769266733764136
15102 1.035986890363626
15104 2.85838299620522
15105 11.00113005300379
15107 3.333039647989759
15109 5.542911111178941
15111 2.743425323684014
15123 0.10022395010800157
15125 5.510002625913539
15141 6.084463227610042
15145 9.929638131341349
15149 6.5038760119397825
15154 4.733772397608887
15158 6.428026897004268
15161 2.6967821252591597
15167 6.067722155167029
15185 6.371329037969661
15199 5.088316439996794
15211 9.894578236005884
15217 5.902248042481762
15221 10.758867572627935
15224 5.794732329241244
15227 0.2779825370538629
15232 6.841742792313495
15239 6.092445191647466
15268 11.676221046462874
15271 2.6847047829300097
15272 7.336840284825621
15286 2.7555365651932324
15289 6.276884103995237
15297 9.221833681497296
15299 0.20918872757450926
15312 2.6274174565320285
15317 3.0563303507150463
15321 0.08297080371169652
15328 8.494007478317295
15333 8.716489180745087
15337 7.675411123327864
15340 10.589703582149353
15376 2.6977446346282075
15384 0.001951803427025683
15385 7.664104957270207
15386 8.65556103340389
15392 9.528825319727671
15402 6.826903909123981
15405 6.387175970558063
15408 9.941271144281398
15415 5.66164315875488
15433 1.9250656450289816
15434 11.931951528418347
15437 3.378049720063636
15451 6.138463057429392
15457 8.553238659185936
15471 1.2582300040335077
15477 7.333164819227542
15479 7.779465092198411
15480 9.126178844549742
15489 1.3078223228413803
15499 6.19572825037603
15518 0.050264078770797874
15535 2.565214872647045
15537 9.229192081014277
15550 4.015512413490387
15551 9.237825839761838
15574 1.1730855609657873
15588 8.61189726283431
15612 1.5265047553487885
15632 2.877130005482949
15634 10.827461157451081
15662 11.758176635561593
15664 6.487238443611041
15667 1.978115194021818
15675 11.862569432000361
15683 6.849593122268692
15690 3.3470321083014594
15698 3.0191774710677692
15700 6.630438060990854
15704 6.902426824111861
15719 0.21966055981131294
15721 5.640035850403406
15733 7.858118446229164
15739 2.5188352227464854
15740 8.16395932632607
15744 9.717421023262823
15753 4.256975119890301
15765 1.6040212543101657
15787 10.880141108670458
15790 3.963695749028434
15793 5.7421733053519475
15795 5.500522977774895
15813 7.450848985975558
15814 5.7513461877249785
15820 11.774553669246398
15829 9.303473488204675
15841 6.028271796281775
15860 0.3253019919369118
15873 10.687974123932756
15877 5.064244153051096
15878 9.76435915001064
15881 6.286156005437546
15889 9.444439569495383
15898 0.28277305934878044
15902 7.914234721162377
15903 11.880824534966447
15924 0.402740633708445
15926 10.33330401913634
15929 5.420159576005716
15937 2.802544181717486
15956 9.147726305862264
15957 3.2192692884755942
15965 6.37676153049914
15970 11.44502501602643
15976 6.81168307178988
15987 8.420084364505747
15990 10.257012124810542
15994 7.656212272420191
15996 8.197232814680765
15997 2.632953191952235
16002 0.5086073507079809
16015 10.478388406564132
16057 9.709470688372527
16070 4.870160956465337
16083 8.737245766487792
16084 6.279485025394361
16102 2.702166528225151
16105 6.21448194327376
16109 6.245157687690415
16112 8.016671420394847
16113 9.817475927012385
16120 9.969442518612672
16122 6.276686214020618
16126 8.533881570659984
16129 4.296447397476926
16133 4.478480913632115
16158 11.239032531638994
16167 10.939456755925372
16199 10.935500355665425
16213 9.327599456998923
16222 1.6254222241803755
16224 5.089106829172758
16226 2.857600219073742
16259 3.516316640498443
16265 9.356918537787125
16272 11.175635184897153
16273 8.071343470026786
16297 6.775448651284341
16317 4.867293814115626
16321 9.741683826206684
16323 6.7095925031218275
16324 7.728464597752627
16361 9.208451275016992
16388 2.763552308976309
16392 11.839805462163865
16394 3.7198682505035725
16399 4.5034232673212236
16414 2.770907702198435
16419 6.064732590771723
16423 5.649624712273873
16432 1.0719041939887348
16435 6.820649478902882
16436 8.010472337575951
16437 12.210513417130802
16441 0.24871505145619582
16459 0.04538701684910579
16460 4.069957352072322
16471 5.4912481138587035
16478 8.90793175664081
16481 6.003484543185569
16505 8.033186197900783
16511 2.907177935879883
16519 12.130047113618543
16529 11.320699313382944
16563 5.61037220180534
16579 5.73557193442862
16580 11.885801275587845
16583 8.952060767294409
16596 6.122896711291368
16597 11.751920220452602
16603 5.621805421669222
16611 6.881891549693849
16631 11.968927372278754
16635 8.175715834978508
16655 10.543151197382619
16657 6.3803497231891875
16676 5.661186244152768
16679 4.439335530228991
16691 9.46135401793379
16692 5.956424932224807
16694 6.8300166390520385
16701 9.49845784052106
16712 1.572655345618857
16725 5.116254877048627
16730 5.772561909867532
16754 4.30898024468331
16774 8.322685141060497
16778 5.2505441200709715
16779 7.576795717024055
16783 3.350240780027233
16785 9.26857818040103
16794 11.556189559724794
16809 9.206768488689043
16811 6.484250659319122
16815 4.844271608443433
16820 10.442102866714496
16835 4.996621988808621
16836 1.8561330314477398
16838 9.60830945294382
16840 7.00652432361206
16848 8.115320118645725
16851 11.104284298893596
16852 1.3263444387277965
16865 4.891291285883154
16867 11.048768059845782
16895 4.665589900885094
16898 11.839587333904346
16900 6.286729098353403
16904 0.27162053612348164
16906 3.6849334368298896
16908 5.554358424718988
16921 12.176630569311964
16925 5.040850206694708
16932 9.87873327635105
16943 2.3551094542009885
16964 2.7291233020716765
16966 6.093092177712868
16968 2.6365801289583484
16969 3.2246775124887876
16975 1.069148000331413
16978 6.096132917921126
16981 5.667657192817059
16983 8.742616285158096
16985 3.1726637889389506
16993 1.205408621434073
17007 0.053808623609142944
17012 7.569930529434028
17021 0.04590049674125895
17029 7.84709236172433
17045 2.640865537102668
17051 11.628776566320889
17084 7.143384889707176
17090 5.094281300227938
17093 6.885837417306043
17107 5.640228406276532
17124 8.361778349429144
17131 0.30286960304347005
17136 12.184874336428692
17139 0.20423567089697955
17145 6.088168741993269
17157 4.258639472927217
17165 0.03196941397351957
17169 0.24930646568448592
17182 0.5645648982633215
17184 6.907791475712965
17185 5.696830245179639
17192 5.610477454816034
17201 4.95273992019199
17203 3.382885132759559
17204 7.589167020647646
17207 0.9435233151691769
17215 7.6139668819323765
17220 8.586234012308765
17225 6.09461315933012
17226 3.1280296613900433
17229 6.637816427740842
17234 9.471243213194255
17235 7.572951182691674
17238 8.226067823324717
17244 4.07722207862329
17251 7.587287146080723
17261 1.1125603480417612
17263 9.976392068984033
17264 2.1586235388864345
17265 3.3450858018873744
17267 0.04621478521860754
17270 7.379232590103716
17306 0.04442650788661003
17321 11.977951534395261
17330 7.2673683364096
17334 5.548284964569367
17335 11.92121647940071
17341 9.331015356375552
17355 5.759516484941059
17357 11.028428993403908
17358 6.378487056448334
17361 8.824804834737272
17362 0.06107968814535939
17369 6.005714527617236
17377 9.214329501099389
17378 5.467950694292336
17380 1.5338332122627867
17398 8.131138083859902
17411 6.3454569368913925
17434 3.1218217445288237
17436 7.580552902131838
17447 10.72221206411288
17449 11.511451073849107
17461 3.2131935326475274
17470 3.648143396482717
17471 11.81340564351661
17472 5.708945330072251
17473 4.322533168409043
17476 6.640628470177218
17484 2.141103151655409
17509 8.389665683762479
17516 0.15916069265408522
17522 11.8215566201511
17524 5.541348451860005
17531 9.487210652776382
17548 9.283662060014715
17556 4.32038722744373
17562 1.2111706171366028
17565 3.678016616019955
17571 5.945279921245197
17584 1.079070367676301
17587 5.99977974864021
17601 7.512323301996544
17602 4.3699308672291135
17606 4.207944887512192
17610 5.6482711646301205
17618 5.868572710391143
17624 0.9800136220155143
17625 12.178423826975708
17635 2.658634185667642
17653 5.7107115473457535
17659 11.185064842383214
17680 3.187715058650729
17684 8.251127980638902
17699 9.830524759176576
17716 5.630989288327429
17721 0.5983346328324182
17726 11.549931332422927
17731 10.283693287473037
17738 6.627169475874968
17748 11.702714364940624
17759 5.785795673129226
17766 6.613740328427719
17768 10.436484156054787
17772 7.344408156436852
17773 0.5000842631657557
17776 3.093492489206131
17781 2.7920843708527694
17785 4.50148060300446
17789 6.411244415000671
17801 2.616908607520135
17806 4.634542657423442
17812 8.840836305862142
17828 10.07186962515665
17836 9.869552176472194
17839 3.7874474112553385
17847 6.375206513713486
17854 11.306157143365331
17858 6.80243321016913
17861 10.985839630793308
17862 2.0527907949213238
17874 6.004436281372598
17875 2.384021106749046
17884 11.04634355800421
17888 11.700126679825146
17891 6.353164897759924
17893 7.614575604934359
17905 0.32810918506937803
17907 6.541493697960684
17919 4.26762775234292
17922 11.881677422725605
17932 9.560777951164162
17935 5.98797239860153
17948 7.2925100446527225
17951 10.91471211715953
17965 9.591132511945188
17986 6.04376087126924
17999 5.7165855921579825
18000 10.188441603705925
18009 5.571396829545287
18013 7.487861170665976
18020 8.821536434419759
18026 11.296566275743583
18028 4.3680190462826465
18029 1.2273450253029337
18035 9.361579669153866
18036 8.967472247531749
18044 5.663699586239851
18049 5.826592801203662
18057 11.254781513459033
18058 6.473801188983536
18077 12.189288341465717
18081 6.660444363438179
18083 3.2655779255288913
18090 2.7602818614184956
18092 3.460182482649589
18095 12.162920606846951
18100 12.096571858408423
18116 10.28677974775431
18120 9.504540545854766
18124 6.534911459355622
18130 2.608533329849443
18132 1.0842259771899183
18136 5.883553077904185
18142 8.604317021883464
18149 7.343837781484581
18156 6.623852644011871
18172 11.621959465236984
18180 5.744172068869446
18203 2.624679869186253
18209 2.872242439484398
18214 5.778050146372518
18218 5.105625962943307
18220 2.6717314876569183
18221 0.062117909012134806
18230 1.2394160332295545
18235 6.779208873352767
18240 11.80516239736524
18251 11.72839340895812
18262 4.231916743972199
18263 2.674518824169136
18271 0.045104400560937945
18291 3.6580358713419026
18294 2.003292820709359
18327 6.25823458252292
18332 6.616158356256166
18333 10.027951819791877
18336 11.135358108409429
18345 0.3464388988729733
18357 7.340096804230589
18373 8.437847866386385
18374 0.0560157206010911
18377 9.650213093036928
18379 6.3821108237341795
18386 5.097650781429936
18405 8.159160547156489
18418 8.574644645665428
18425 11.87854222367205
18433 4.356141838087726
18449 9.17189179698416
18453 5.338998049775429
18456 6.903444521228205
18458 11.096931792050771
18460 6.3359540102021175
18480 6.831271293585197
18492 1.2349581738837743
18507 11.809265699379178
18510 7.124878111497939
18511 11.527015612173582
18531 9.41795310563259
18532 2.1460794429916037
18534 9.165397459104575
18541 8.410596561030408
18573 5.355395460305856
18576 9.810762066706355
18584 5.249002973715299
18587 6.3524134671920605
18589 0.1940400975164655
18591 4.55457242554065
18592 2.7855423330945825
18608 5.703852798093037
18616 1.2433596345972717
18624 3.3166973461544327
18625 2.3080400969890915
18660 7.645702439856858
18663 5.728975832291537
18665 4.450905834497638
18671 6.425957474007447
18672 1.0481445441225972
18675 7.544615051039309
18709 10.713865682073111
18710 6.420205740639459
18713 2.838301473603091
18715 3.25020221993746
18721 7.446770484895541
18727 11.095720648482029
18755 4.389407068258912
18768 11.325506480983437
18774 4.426701372150469
18812 7.596376334963282
18815 5.612953633758374
18818 7.636668969035781
18838 3.9169121924487498
18841 7.669752761593938
18849 9.372962675272479
18856 5.818761674725802
18858 5.970893551403127
18861 8.947421966635412
18862 2.6917370809229118
18867 10.671569854094553
18870 3.3266811833220014
18881 6.691127060829327
18885 7.201445987589132
18895 0.021336080904562026
18917 8.831068515767386
18921 3.103643619427056
18929 7.271075550087171
18938 10.619091913646512
18939 1.521153400757087
18941 3.3433840033820736
18943 12.166826931626705
18953 9.771933387532382
18959 11.905582361380139
18968 10.75018461794513
18988 6.340032566046057
18996 0.27807442433688767
19001 7.541677014320021
19002 5.681277217591592
19019 9.719225436803608
19023 3.3641873795412334
19025 1.1507505630543537
19028 1.2050070296574646
19031 1.5070469364599162
19032 9.799651812426838
19036 5.443072069869006
19042 4.14451267474225
19043 2.4764212308822993
19058 9.28743271045975
19060 6.78720455239993
19076 3.36082709049629
19081 6.492524801667049
19088 4.397290471451764
19090 12.001544348838541
19099 11.963432083594913
19102 4.43498449580497
19106 10.216645957211682
19110 11.618411003199492
19111 2.045190270338022
19118 2.1519704183710426
19129 6.191994898174214
19130 2.6415206293374904
19146 2.783888754194962
19148 4.771671513275789
19149 4.6407095710556705
19150 11.910164600967915
19196 5.905260607778359
19197 6.605764299351067
19206 6.501364939999013
19232 6.711526399735721
19237 5.515724902034497
19238 6.775936054427543
19242 6.412573927832109
19253 11.315885375697485
19259 3.1452190656364754
19262 6.911688095954777
19286 5.532541562410847
19292 2.382689271335299
19300 5.757129048868007
19308 5.651354628247362
19341 5.719403125076467
19342 8.522900886266829
19357 6.010506937063782
19370 5.222182612681785
19375 4.514587465709246
19387 0.04674849501309904
19400 11.006623938180278
19402 9.39598366171956
19415 5.783257489230832
19443 5.452918087939758
19445 2.3366336088832798
19464 6.805527824107719
19467 3.086195339514631
19475 1.0841231776379323
19481 7.1060652886947
19491 7.741655671664188
19504 3.6686356176645414
19510 10.982020203974045
19544 9.461949140090333
19551 3.0737550571377805
19560 4.562089101306666
19563 11.611044128466903
19581 9.553488768142524
19603 7.006070198296497
19616 2.1271271131366953
19617 12.17539667810427
19627 2.380182885299078
19632 9.425146602366132
19635 11.11003120916981
19648 2.391845981682961
19651 3.250037284339505
19656 2.788428330602881
19663 10.32696281580393
19664 5.124494469860429
19668 8.390221756526078
19681 1.2141446582992816
19703 5.736794316048743
19704 6.135475289056185
19719 6.432747835904161
19722 2.6562127429086346
19733 3.057968474226428
19744 9.15029328241235
19763 5.244642638294448
19782 8.730305593070591
19790 6.133187405597832
19792 7.302725130422368
19797 5.449837150052883
19801 7.697118427768544
19802 0.05799910220753746
19803 2.6798438140499363
19808 6.4152182088797005
19811 11.088868678093672
19814 7.627310854388812
19821 10.69599451630085
19826 1.100543770180669
19832 5.638865192809784
19846 4.057521083579791
19849 2.7134348250129197
19850 9.385481161738637
19855 1.094242428017343
19868 2.7012267794947844
19872 11.97351981753761
19881 5.709082399783194
19889 0.04347789484052386
19903 2.137283292656606
19908 12.15811897404105
19923 11.895506591640277
19933 2.4232813231947676
19941 5.517280440037407
19951 6.854201159442803
19959 8.384735091947393
19962 5.635934757840554
19963 8.27791532123068
19966 12.187053609617648
19969 8.252655135041131
19980 4.4129078572688805
19982 3.6919504664569116
20006 10.865092840767515
20018 10.922971863021443
20024 5.962150224681627
20034 9.839197527661906
20039 6.248632801144295
20049 1.0608872236536848
20056 8.005757286743666
20057 10.9603007879126
20078 6.419787446073154
20092 0.2628663936403237
20096 5.7634760185395315
20108 9.679991467050742
20117 11.996365839619267
20119 2.8140907717845036
20129 8.880707288909527
20143 7.094894082907175
20144 5.6699630751098695
20145 11.875322393486016
20160 0.22241617562520966
20172 5.6732775196228165
20186 7.660829135147438
20191 2.7201876667461797
20205 3.2323885511579276
20218 8.509997851051612
20219 2.833901725447084
20223 1.5483133895944003
20234 0.0520823309340423
20238 12.1956130264975
20239 0.47236803442526515
20245 8.184091125665592
20246 10.34485102771038
20250 4.5771714737812195
20275 8.270712802147655
20284 0.03164734635905206
20294 2.1020845229589957
20295 6.776717234978353
20309 8.297551813882185
20311 7.373848659169381
20324 8.499186939728823
20330 0.47718234842798796
20331 0.45264929139318627
20341 10.14486868390793
20345 1.261782508673595
20346 7.6437358290630755
20347 6.329014091159476
20358 6.404813440922354
20361 2.7593350862681763
20380 2.4726080943278665
20396 11.799031927963464
20400 10.287476138936032
20403 4.6809566527129
20404 8.620935366239319
20415 11.098134446835303
20419 10.975233138702725
20442 6.575843652641475
20443 10.316168664776903
20447 6.398120661002018
20457 5.912492294757359
20462 6.871891322925856
20464 4.094402837684071
20473 11.143466123304483
20486 5.685343232629086
20515 9.508093458617424
20523 11.301418292066312
20525 6.439414541194219
20528 0.0639779730974557
20536 1.3153413067926174
20537 5.742319748751074
20542 12.120663607995887
20556 7.532310207152827
20566 6.385727921661943
20571 5.679515703222171
20608 1.8744097926317922
20609 8.45623303086139
20615 3.7740741566334073
20629 2.914366904214598
20631 8.861927242552634
20639 5.535197555063301
20650 6.443613093909402
20657 0.013293306420763103
20665 11.24515839860569
20670 1.5296583046563728
20671 1.1140078890048266
20675 6.342310696159984
20687 8.884187004434422
20691 10.48268008491135
20692 2.676261628346805
20696 7.996410716547079
20704 7.241762141312368
20713 6.101658440076261
20714 4.4761630358548326
20716 5.128217787441528
20720 7.689139402609444
20726 11.268515201272772
20727 5.738949394733061
20728 9.67389490794492
20738 7.859283577326575
20747 6.721903082719432
20768 1.103599179321995
20769 5.740624226088353
20774 11.835698799459704
20792 12.243025260876983
20793 11.539969389570684
20797 6.432872975407482
20822 8.447374563494941
20827 5.663597822390172
20837 6.105255641651588
20849 1.1869422892936916
20851 8.207997289038904
20860 12.10449594155427
20864 9.51792571883597
20866 8.97896412093697
20899 5.45647878210163
20940 1.1722992747782297
20954 8.486256433317298
20958 8.775036075728327
20961 6.490520846417036
20964 1.042993367914496
20972 9.441121356186597
20984 9.012779355455834
20999 4.342983143975838
21007 7.401098948696997
21008 5.0851858270414265
21011 0.01699258345798168
21016 11.853818719989832
21028 6.347325918058118
21064 8.744032629405657
21071 1.4409149776510042
21084 5.860211125364992
21093 6.059901585118878
21094 6.681036603132292
21099 11.773117325813827
21108 3.4725181039131687
21116 12.164888481760924
21121 12.241910800416715
21133 1.3376997917465394
21135 0.5423654444901082
21148 1.0791688841979434
21150 6.082232930779039
21151 0.26780550667191694
21156 8.94525085659592
21159 5.791441224512153
21170 5.068063641791193
21183 6.484372953955511
21185 3.0280562843512744
21189 7.756282961512905
21190 3.013511848037131
21191 3.0729249666324616
21194 5.578182010568515
21197 0.04698489493006407
21205 4.4689448736237525
21209 4.104692709581461
21220 1.134485197639439
21241 9.429117598615424
21249 1.0337229482418069
21259 6.382409735509916
21260 9.400406441536083
21264 6.217092627773621
21277 7.673289600078881
21281 3.7106663472621633
21289 11.057853757796176
21290 9.72555029273242
21299 12.196240677536355
21300 2.299847318057045
21303 5.617225815144582
21319 3.521790674790752
21324 9.447941051458603
21332 6.052653987384182
21336 2.711124962069962
21340 4.95324060509413
21343 5.107209985551002
21345 7.057424034106446
21355 10.473996154703078
21356 2.706034875510892
21365 5.49335772859386
21366 10.882190607627855
21380 2.666230842061259
21384 5.44413430129244
21389 7.0906318258929515
21391 1.5940419374472452
21396 7.7880675527140255
21402 0.4071079446561008
21403 0.201550047740441
21412 9.145172701856803
21420 8.486308434187151
21433 2.918779277863973
21440 11.575531084659898
21445 6.7920162050117225
21456 8.380424198626034
21463 1.130140551310171
21469 7.696583948772707
21483 11.049403010619104
21486 7.324978251762196
21497 7.0994726306452165
21498 2.734805089956625
21515 9.461716787268411
21519 2.23857370349803
21526 11.127412682973944
21528 4.273441843916904
21532 6.296550861440735
21533 0.9765850516513253
21534 4.374983338398982
21537 8.244154646551793
21538 0.21182714566297323
21542 1.4518345147365248
21562 1.216579628407007
21564 11.721703071242414
21574 0.12039597390994872
21592 6.623093653161613
21596 6.569866470597156
21613 9.080759726201126
21616 4.22770031720161
21626 4.756383603662817
21650 3.280904630018231
21651 11.795442035546676
21654 6.962331959593412
21657 8.50256419894294
21662 4.111478546379181
21678 9.486723027567095
21691 5.687170748069096
21694 7.805402470303924
21697 11.085077788555873
21701 8.142989197689813
21702 12.182248495959966
21725 5.854275133448199
21733 8.450989858631315
21762 8.346486740675843
21763 2.852611592151436
21778 5.5757273597941905
21779 11.569273681320867
21780 8.74449397076186
21784 12.208549198275001
21824 8.064491653905327
21830 1.177217878220905
21845 5.465204090592711
21846 7.788414829389825
21854 6.642948689545069
21862 6.039753440361338
21875 3.3880380568071478
21877 1.5373324921722686
21881 9.957674222244606
21884 2.809123874914295
21886 9.878949327786888
21890 5.674508887440483
21894 11.697554591992054
21905 6.851582517477544
21908 5.623708639092873
21912 9.862305021346893
21920 3.356905791886154
21921 5.379002530737056
21934 5.643549649993884
21956 12.134269545933453
21967 6.1111337247846675
21971 6.4587711258475355
21974 6.151478951493056
21984 7.549646766726944
21987 11.735745007064768
21999 9.494305728823303
22010 6.265346311676476
22028 1.2085505620000672
22038 6.022775700325213
22051 1.6199973658773688
22068 3.274724320781193
22079 10.787423190041363
22102 7.0330727799609765
22104 10.65451423698832
22122 8.084980131347356
22131 8.575212212119219
22133 3.7869550645167593
22136 7.227147539458592
22137 5.77295720434491
22149 8.673328595503126
22150 5.109420582475288
22152 5.652953980123007
22172 9.842457633058864
22192 8.240298471914507
22208 0.5195795756613666
22212 2.703572959200474
22224 1.0420462168807962
22231 5.5836257677194
22235 1.542753799286298
22258 5.580167093029835
22270 0.9723061098021174
22272 7.22563324453333
22277 3.663284867111031
22278 7.03170690363689
22286 5.797229792518887
22308 4.497747377188049
22357 9.199254626417428
22376 5.864947125453462
22379 5.9844968646531616
22390 9.535259979159335
22418 5.930215812430713
22421 4.379772706893634
22427 8.719984270836314
22434 10.742427708287307
22443 6.127767785656969
22450 7.719349743146911
22453 1.0218994088543627
22462 7.144348086399337
22465 2.732748655496337
22466 4.285530489119355
22471 5.7699466126042775
22479 5.892201442042773
22490 2.9810395860647367
22493 3.237717659858993
22499 2.6875650405848304
22500 10.819474729540435
22518 10.058138960779173
22536 5.543589407483486
22540 4.264775106488809
22555 0.9631199995212892
22564 11.22224593481059
22578 3.2685544526896257
22596 7.678912697118814
22598 6.414010313221735
22617 5.950834910611469
22624 1.50908887750669
22628 9.407704488380919
22633 4.084901036214206
22639 5.94427144810743
22643 4.410438796599678
22655 10.663074694311527
22657 1.146842242940402
22672 1.521305353979724
22681 6.731285243111159
22688 0.11029676188088082
22701 5.209656306154562
22714 1.0517404649788296
22715 9.063546441644768
22725 6.313135660155709
22735 7.077762017837385
22757 10.701027955837322
22760 11.889982487553137
22766 6.30347933764529
22781 11.522614869078593
22784 1.5760071225309094
22788 4.638816401915641
22816 3.2470499146924316
22821 1.015599507582089
22836 4.089710208715813
22837 4.542803350046339
22838 7.131122427781027
22840 4.223906978157154
22864 7.23166524960444
22867 11.464800852652939
22868 4.217106311999584
22873 2.8440425047302855
22877 4.081068941599481
22879 9.132167153098111
22881 5.965087421936989
22900 6.589891228258324
22906 1.1622998708739194
22908 5.97688823582349
22930 4.239188651673921
22935 11.859701652165855
22937 8.56031045699183
22945 5.138837112489465
22949 6.248924978202431
22960 9.072026941967666
22965 10.931006807472865
22979 9.264771668650695
22989 0.5595848267479537
23006 2.622722740702468
23008 6.823781350518594
23012 6.415114021036838
23015 4.227031854864
23044 5.354884422943858
23054 10.580113718790704
23060 4.101035936128717
23062 3.401023647301016
23063 0.2252720468117133
23070 7.683362069269659
23071 7.288720661136741
23095 0.3663587273801491
23104 3.0518968051418707
23108 11.041119762476745
23115 11.111816707310822
23137 12.013871459646449
23142 6.445498661344601
23146 2.4362767816927113
23161 11.83094802039161
23165 10.911272831364318
23175 11.578009006117693
23186 5.9601793809719075
23205 1.182114263150029
23217 11.87611970848924
23222 7.872685120237534
23231 10.594743281825256
23238 3.922779738116491
23245 3.2438705483039474
23246 0.447501365024166
23256 9.471627114338933
23257 4.365444459155205
23269 5.8390042981915995
23271 10.111313909864391
23273 8.450935369494161
23274 9.361124593552681
23277 4.67343124976189
23311 6.825293513218641
23316 11.115626482036895
23326 6.332506209180532
23331 1.1260896952332577
23347 3.222402683975201
23353 12.183691052834742
23385 6.393282697370143
23386 4.7218355617167695
23396 6.440198418508063
23413 3.4209859991573435
23414 10.674039682293131
23417 4.5087528953999385
23426 3.4440956444467017
23434 7.714709581840124
23437 0.023102069471796896
23438 6.274009408466147
23450 2.819448769931597
23466 5.910632307283679
23476 6.921898825974425
23482 7.652222484955614
23505 5.809459699392731
23507 0.0487056717619432
23511 1.219131498134772
23533 9.445889466614112
23540 2.3270726430457165
23554 5.691896023477401
23560 1.3129675202971565
23569 10.927705037405508
23593 11.849513694213345
23596 0.9308759400489226
23600 8.370749933160889
23603 6.864898037372276
23604 4.597946264640962
23615 8.480514306215012
23618 3.31846434522888
23626 8.427728514291507
23631 1.3291190057050895
23644 11.632139781995859
23650 3.190293058393988
23653 4.427816395128038
23658 3.505926131242852
23662 4.276036287034973
23679 5.754574438392475
23686 3.3813272424973824
23688 5.216100695424288
23690 8.563052086590691
23693 11.59958801249824
23696 9.008495042174648
23698 9.64586059898332
23711 3.240118584759384
23716 11.105602030323803
23723 8.138115369915983
23726 11.741008598756851
23764 7.639421158471668
23769 9.433063144418218
23774 11.138419886272125
23783 7.855517151480611
23784 7.631742058283827
23790 0.22820998871235829
23791 6.548312684082028
23801 11.845905079594445
23805 3.723315165814555
23806 7.394405633263334
23814 10.273481625553378
23821 5.240695200536212
23830 6.400754444700129
23837 7.623764480040318
23874 10.90715476510305
23875 7.045983797437754
23879 12.11280149327957
23904 2.036709498596751
23910 12.193149119953741
23911 2.048942160953744
23912 10.895831784645653
23921 3.1680705712234993
23923 10.236328283074371
23931 10.456048420783212
23933 6.037430856943112
23946 6.073391630632825
23955 11.748936146197332
23965 6.051113567964574
23968 7.317307843957806
24008 4.88635621391301
24012 6.04260164614151
24016 6.796027157335382
24034 6.086556233433293
24037 2.7184571452108086
24039 8.753094904190364
24051 8.55038534608633
24079 7.098354791343417
24114 2.744640426291765
24119 6.429435182882797
24128 8.442065999489056
24131 0.2532979408868334
24135 7.734839393523104
24141 0.0038923386961699515
24155 11.953642375476225
24162 9.812463573797759
24165 9.546763481017535
24178 7.1972909299370835
24179 4.68341550661608
24197 5.079244705586239
24215 2.7657736853594157
24233 5.683527992320944
24246 7.685160420184127
24259 5.530336718748818
24263 11.986910209061008
24264 10.228610608431548
24271 6.27171351893195
24285 5.675988378467489
24292 5.694483836016303
24296 5.54648174581919
24302 9.31287467547396
24305 2.440529194846643
24308 7.64825072824319
24314 11.474854110721399
24319 4.8115073524430505
24320 10.773638034884511
24332 11.06343757730709
24333 2.3873075732588216
24334 3.495246303525217
24350 11.582441259828963
24353 10.49319744789561
24358 1.957586734055588
24359 8.497893254063808
24361 0.9858300558919806
24367 9.580632219005551
24374 9.061239268540684
24376 5.964199872086354
24383 9.514565253933666
24386 10.899831145777908
24394 10.805017298820932
24403 8.05721690661392
24411 5.3470502136797045
24413 5.6322767244340275
24416 9.191505964544271
24421 6.876693456952297
24423 11.980287967922292
24426 8.428954488619082
24428 10.570865769008686
24434 5.613519588787981
24440 8.888204047863423
24460 5.367375800815807
24488 4.400025897475617
24492 10.69243594938943
24495 6.322259994459128
24516 7.282323418804039
24560 3.0650483660752212
24561 9.245350270923222
24569 1.1585599814404781
24570 3.346852800627057
24572 9.40441171760724
24577 0.04548618331651105
24587 4.278679262717742
24606 10.460565144209337
24610 8.468948986052641
24621 2.735196136506961
24626 11.682665194849067
24641 1.845751694793899
24649 6.990435961381123
24653 9.1528817551282
24660 8.228596232702948
24667 5.905708480197107
24691 3.2467942205963576
24709 11.214985636470372
24712 5.619827463169356
24714 11.642091533467367
24725 2.7389276608708113
24742 11.165721800329809
24755 6.584614991688141
24756 10.194953340243565
24772 9.858756454954268
24775 5.532716603906289
24778 4.4289104200033345
24784 5.668791949263365
24793 7.659567781464763
24799 7.873467287264929
24801 5.669939098791822
24804 0.18456583765637607
24814 11.761423387400168
24827 4.528796343334351
24833 8.16744530507029
24842 9.475470140352611
24854 7.877901591998783
24857 1.074307007928164
24862 2.3435273342157585
24864 4.28433498982046
24868 4.8125245863109045
24879 11.132043550078002
24885 5.909115562964968
24888 1.5800240445703333
24898 7.909746713796006
24916 6.0867520852137345
24922 11.22186155509547
24932 9.13360303707462
24944 4.45320396056588
24981 3.228644638481963
24983 2.7309315742257967
24984 7.556717243751882
24985 5.538243430141839
24993 9.238527706962005
24994 5.63449594465471
25009 7.262274036991412
25011 5.484707776747142
25016 11.955032251108257
25019 1.5024925357592713
25021 6.585745938329914
25027 8.540263786629053
25028 10.560178757343254
25037 6.914607124131463
25043 0.3887557219264511
25047 6.442759668223371
25053 5.855386160024701
25056 1.232198635243511
25066 11.051764695101767
25067 11.579012703740737
25083 9.415968179509806
25091 3.759959795125012
25093 2.220309143254645
25108 5.941743056273681
25114 1.1214863943397224
25126 0.3839341719225755
25135 9.798008845043695
25143 8.82806042228183
25148 4.6171115301075405
25153 6.433459170098973
25162 6.031701335211336
25171 7.618600481380423
25172 2.376201737418483
25173 7.090889506832763
25178 11.625382861193057
25189 7.085257469889139
25208 12.206579012424925
25224 4.138553525382407
25235 11.27883291650791
25237 9.788068472772935
25241 0.044421069930190675
25243 1.3180156570910055
25248 1.3053111586911694
25262 5.564276860910474
25270 6.979833188622342
25278 9.223774993271437
25287 5.584273616359815
25297 4.66773685419102
25312 0.3138770767796086
25333 8.272199450160926
25335 0.015829934914321487
25339 7.584308454979929
25341 1.559528401113634
25344 8.519969414052863
25345 8.501568865717452
25360 5.700141600967586
25372 5.927231061800089
25382 3.0808063120664118
25392 5.679174434172714
25400 10.94690897948846
25405 2.8243852071185565
25416 4.385956240498768
25420 3.0781954973851504
25430 5.096984634926338
25432 6.448810564368149
25437 4.159164006946785
25441 8.570582217301837
25451 6.422437594894421
25477 8.5891765396966
25485 8.692440563517756
25492 3.19684364470226
25504 8.429780692397046
25515 10.934586019774516
25524 6.601849967379286
25536 2.797642596361408
25554 8.970501465139565
25566 6.118254836086038
25580 2.753779379053544
25585 8.375625209200832
25586 0.196645875704062
25593 8.537363138649084
25602 7.684783658805781
25609 11.513399573442287
25620 3.3364008419947413
25624 9.308264798450441
25638 2.7733211943126395
25652 5.814613922454586
25663 8.482237096154174
25666 2.410007322935594
25677 7.263495050776348
25680 11.945033663820329
25683 5.459234246612087
25688 6.291665277508797
25693 7.3487044138665905
25703 10.340755510597443
25723 4.916913618944093
25746 0.021031445951809623
25748 9.567418955909554
25754 3.814385404198172
25757 8.227543326386904
25775 6.373410521392875
25792 10.502487413557995
25793 6.1065080536660865
25794 3.7374146234025583
25809 9.662875885334948
25811 9.68900800686378
25813 9.629312064742589
25814 1.0741655259551417
25815 5.700306783366281
25816 10.295669101462078
25820 5.7571975670833755
25830 2.7462301398066398
25840 4.752526707211602
25844 3.076823394186702
25846 6.045458774652178
25848 5.822806353889838
25850 11.192779175615447
25860 6.1539879729508975
25861 2.731365526321461
25869 7.412519462594591
25870 2.3878241629296633
25872 5.638654915311312
25882 3.3398653790935433
25901 6.11628010569641
25902 9.156768462160759
25905 11.264327826342729
25923 2.3601401072581627
25929 6.374828080337253
25930 7.238178071526191
25931 5.993741724779945
25950 4.483320850400782
25955 6.606137026448023
25957 0.09471946531642238
25971 7.331781731423593
25975 2.5223733460830142
26005 4.475089755963374
26006 6.60380769902381
26038 6.457856292092454
26046 1.9486547451367326
26049 4.647348531267609
26051 7.0864167587342894
26077 3.6767475439168744
26086 2.834265140110099
26087 11.722577386646647
26088 6.751207793231649
26111 9.196661239373986
26123 5.661812751837057
26128 4.661733603092336
26133 5.98607907478165
26144 7.928611441928058
26150 5.992523840548031
26154 1.1546803537100534
26172 10.299660191150227
26174 2.692158142525861
26177 0.214267422428252
26182 4.444448475532359
26187 2.3034721149750714
26195 7.96178174482101
26215 4.890143151185862
26240 7.385560459896168
26243 6.952840848541646
26245 9.45814941653672
26246 7.294980484081423
26255 9.162812277778151
26267 7.382515245365331
26278 6.114458726210868
26283 3.471932263915509
26292 11.913174037475468
26295 10.432048815928521
26298 6.538709342308449
26301 1.037875960100921
26323 11.123707430285249
26331 9.369103145345697
26333 6.885945616590141
26336 11.993373100919936
26339 6.807372258495037
26342 0.05551885754639578
26346 6.362263194026404
26347 6.783423644611616
26354 9.733591239618086
26362 9.545309972156963
26371 11.152177401033365
26377 1.1387037273101197
26387 11.269162819532296
26389 1.600617416531834
26403 10.679885999110045
26424 7.665430104165994
26427 5.072143626769601
26460 9.564138324082021
26461 6.007969766021646
26463 2.886061164876967
26464 6.328879295932128
26471 7.039863133429746
26472 6.006460342865406
26476 9.08929184600713
26490 7.296041291785659
26492 9.412337351291194
26500 8.454899217188258
26527 9.12127291737498
26533 10.576939677892874
26536 4.439528341151701
26545 2.5309900304233097
26550 6.476470918113292
26576 3.7267808584446893
26584 8.352647968772493
26585 7.887700834410488
26600 3.32977405469039
26601 9.821546596412238
26617 6.17278727738809
26642 5.722387913328592
26649 3.12411348890372
26651 2.5871879027386875
26653 5.813277336927542
26661 9.753378659817182
26667 7.869262816952433
26673 8.233815049945909
26676 9.16207283033409
26677 4.797720608659081
26687 4.372803918239994
26696 7.3692156747198165
26698 8.541057154868346
26701 10.451567615911907
26709 7.803912523008048
26715 0.31099278631047805
26732 8.977382628613924
26764 7.560847684038726
26766 10.599883506189387
26768 3.0500738440245048
26803 5.111702319713083
26816 4.348232726143757
26824 1.142834980394587
26843 6.287498283421395
26849 6.644350228275202
26850 5.091056449893751
26858 5.79136209734152
26861 9.802656617339151
26880 2.3519851899833513
26889 7.971700269740195
26893 6.989000534347046
26897 7.012767613624764
26913 5.785467332510941
26919 7.705732747866062
26938 5.553415170165839
26941 3.107794219351256
26943 10.311481206849963
26949 5.71253955640179
26962 11.731984169920803
26969 12.12683720863798
26980 9.921610172803588
26981 7.095399435617328
26993 3.8009325832124277
26996 0.5455516095094876
27000 11.941628710955456
27001 1.0478150950938703
27015 7.666043458176697
27026 11.591529253563085
27030 5.56749432818673
27038 10.880913654423665
27049 8.89223994731018
27059 6.58097687098211
27071 9.900077354439068
27079 4.19413699891159
27090 5.850541601230362
27094 5.507411113949739
27098 9.454402611760601
27103 10.70959064283853
27109 0.024014053717037277
27111 4.993953947500638
27114 5.980809445145274
27134 6.447024412103844
27154 11.754934064634407
27171 0.23674675858232191
27173 11.770099086118863
27177 1.2314660816706129
27181 6.0431871353238185
27185 9.41480721452145
27193 12.153780906794353
27207 8.619181890218153
27212 5.294334423379099
27219 5.972517969100563
27221 9.47924402940259
27230 1.4709529341957617
27243 11.715241468641752
27246 9.243571853866179
27252 5.856042636149728
27262 5.303952236951374
27285 11.311032670656713
27289 8.847553983915605
27310 8.88933894180409
27314 10.298432886724864
27323 5.061275752575778
27334 9.260977966873138
27351 8.62792917301554
27355 5.1302651101663885
27379 4.767347918913595
27380 2.097453407588784
27381 6.995962346724637
27403 1.196274508404451
27409 8.567895887944323
27412 7.1230151355791325
27425 2.211306154160588
27428 3.8954149190379512
27429 7.573879031811424
27430 11.06536600027967
27433 11.531407062680916
27451 2.754544317880726
27453 7.780238524632246
27455 5.6898265431279285
27456 4.310603195209455
27464 9.900474887036506
27466 5.512868561525243
27468 6.4102504221410275
27475 11.977130492700589
27477 5.815393892005032
27478 9.21806208441404
27480 12.240128233832586
27492 8.844171393971697
27493 8.316841883212184
27497 3.3633149210894233
27501 2.526052090771011
27506 10.23522288527358
27511 11.914001389975596
27522 4.073569663896022
27525 10.887258587460233
27528 5.663261062581833
27537 8.993961382322235
27539 6.8963588421795095
27544 11.779770335581599
27549 5.576713197633137
27566 1.0296424380634195
27569 3.418812251706656
27576 1.165981171294681
27585 6.05633989700333
27597 5.762195458238608
27601 10.015956561635347
27604 9.712495675242533
27606 8.750029611698313
27614 11.2326473178834
27617 4.2615547516426115
27639 9.863909877105817
27646 0.5127744092289953
27653 10.993344400265247
27668 8.464938387222661
27670 6.459983381922444
27674 8.433493338064862
27677 2.7807968026219956
27684 7.36439530504756
27694 7.792873994274268
27696 12.022883847561404
27697 2.8144787312078203
27703 8.463108659694319
27707 12.145239015014305
27711 6.267386177365146
27715 6.146182356059455
27724 3.398036858010661
27725 5.291735639244203
27752 11.27400786909298
27767 9.231920308749904
27776 9.705286606989514
27787 0.07320341570920356
27788 9.250311436485486
27792 8.096477171677462
27813 5.047055520127068
27815 2.0576297897860236
27821 5.653564340301611
27823 4.8869916207148565
27825 5.851212422731045
27835 11.09421350881689
27841 6.55764846614447
27853 5.698475679209078
27867 1.2008858410463583
27873 2.777712385611257
27890 9.910856887010064
27892 11.842506895258685
27896 5.065923475036026
27899 3.3972830741130564
27911 4.608635840592591
27916 9.539844324234567
27917 8.0400550649944
27925 8.219191509337652
27928 2.799248917141333
27930 9.889319764741197
27957 6.4942486938086965
27961 1.5841263456804202
27962 4.40770248693311
27971 9.503558540383711
27976 5.748211310514144
27989 9.210593187678027
27990 9.524641447928483
27995 4.465126385201626
28013 10.563578440502248
28019 1.7051715956197295
28026 7.3009900219578405
28047 4.882481084470736
28053 6.6579563340862915
28082 7.89093168249538
28090 4.416055806333833
28092 5.767335390537085
28096 9.138634777822558
28097 7.650002537847176
28109 7.55812082536345
28115 8.770711743666348
28122 9.570923906846742
28149 9.521278308819298
28162 3.0093353400865563
28184 5.691875826707278
28185 5.523792955271069
28193 6.70557183813834
28204 2.0745822329527828
28205 2.54747659201721
28206 7.383918134056824
28208 2.460730856372698
28223 11.858348959951979
28230 8.473293582054879
28237 10.065066848164404
28239 11.1392249229254
28241 11.941639154469792
28250 12.104677833453602
28254 3.282449867594438
28265 11.564607134841438
28266 5.7763073184828215
28267 5.67177153251976
28275 9.958236680868627
28278 3.7735358899120026
28279 10.303558898952437
28284 6.650492819396694
28285 1.2972808033508574
28303 10.05058972671681
28326 5.899794753638861
28328 5.62308661087544
28330 0.04489265747630735
28332 3.1551259812623824
28349 3.369351222220882
28362 8.696390238324273
28363 6.1230197352190885
28374 7.25847475852837
28383 12.179694507741042
28388 7.548020584242445
28389 9.228480100966763
28391 2.5080967643946765
28405 11.983475604011522
28409 10.55333725673796
28412 5.074917920854164
28424 6.384565543022882
28425 11.017067743355108
28433 5.391641756303393
28434 6.451221633234502
28435 8.579114036944452
28437 9.670829797458705
28439 4.960730862965165
28443 11.505077853948855
28454 1.0986278280242452
28458 7.97840022615068
28459 7.064221601379926
28465 5.91310180192141
28470 7.998945919506951
28495 10.241710889403441
28502 8.394097766966516
28504 10.875503030153459
28506 9.421153826218921
28516 6.378018274478374
28525 6.149009024241403
28527 8.598441716689535
28528 4.493210124763472
28543 11.823905816309168
28552 0.3591511604815192
28554 5.923304858983724
28563 9.202958958521405
28570 5.885031330555029
28571 4.598061703806099
28576 2.7624114063611205
28579 2.3640860914303303
28582 5.956691186701592
28592 9.638180288761442
28603 5.34292493266335
28606 0.10801439161361728
28611 7.675950254502416
28616 9.625948866461583
28642 9.625401597078042
28644 11.718464819218518
28652 0.05386541188360326
28658 1.0279602472400133
28660 7.520623475866917
28665 7.723498497165758
28685 1.2294296297263745
28703 7.565978998060771
28724 10.696777983729854
28729 9.175322629370896
28731 2.013978812285027
28738 1.0938367302187473
28743 8.121106660158365
28748 1.22673875599714
28749 4.116811938594428
28751 4.397329142987086
28754 10.261057437899302
28763 6.436012354334462
28765 0.2308380257146605
28776 3.2161291747242817
28790 1.8600071973694023
28821 1.2998660104130788
28827 6.419309582632554
28830 6.566810418390741
28848 11.843973739970709
28852 12.008797447245195
28862 11.38226536707043
28864 5.752482315439541
28868 2.7612021623427427
28876 5.917883088588282
28878 6.120233574551676
28882 1.2491276293808902
28898 0.1811765996206185
28909 11.791858292816716
28927 2.070209372253081
28934 6.874321707407156
28942 2.8537012120368206
28946 0.3512390285320088
28956 11.002406710055341
28971 3.4292505507095044
28973 9.925331590989801
28974 6.084308047239567
28984 2.6465175200681434
28985 6.335562487249318
29008 6.554516555828997
29017 4.966077550700024
29020 1.0650298881770421
29046 5.607889297476154
29047 5.577759359188897
29058 9.14503035484373
29059 9.935224483026428
29072 4.293416675277651
29077 3.2565192388015367
29078 1.240523520849438
29081 10.726488944540773
29082 9.185142297243104
29088 8.507415312252645
29090 8.385191657067976
29093 11.96035116892385
29098 6.532885492329286
29108 1.512468283029588
29111 8.026409018803239
29125 0.23964253711464883
29127 6.094856976786786
29148 1.3024933718727327
29156 6.634862198165003
29181 4.108560679283484
29192 0.9681170906912682
29196 12.214485575771395
29199 8.093164668569097
29200 9.158806156415615
29224 6.198459935476554
29225 10.053792928245374
29228 4.448829987651434
29237 9.450227680724618
29254 6.374500166649561
29274 4.251474110670082
29291 5.934872323629526
29299 8.420489900233532
29329 9.587938757727022
29335 2.8476719121024257
29343 5.674183251720634
29345 11.870069045076978
29360 10.517225269375938
29362 0.2802074700637921
29373 6.755249978342531
29378 7.175199542754163
29390 6.090665286002013
29399 8.213146525023719
29403 4.875303566901908
29409 3.4106806484263563
29414 3.36034473648672
29438 6.7876332327874564
29461 8.865714855529635
29462 3.0548271750376026
29474 2.3177911259115103
29476 7.603548917561688
29478 10.939901792112714
29480 5.530795074300984
29492 4.778243989002738
29498 0.3790381515199849
29513 8.983033054086329
29527 5.782563359091564
29528 8.459025061158682
29544 7.130774278452931
29547 9.391495204446878
29557 9.168134798640601
29559 7.602664714141015
29561 6.020873504622675
29579 2.6609458868287823
29582 3.2434990949024396
29592 2.533748596671922
29623 6.2535221656835756
29643 0.011366690301179786
29653 6.8351162844651965
29658 6.858897752086915
29668 7.212967398218373
29677 7.529017521528112
29678 3.225506159463275
29694 3.5321992646738343
29696 6.063273609837201
29702 11.691931977918095
29704 2.7252917261285043
